0	6
2	9
46	15
14	22
37	53
44	51
20	58
25	56
31	40
19	55
14	36
2	43
40	33
39	37
17	35
19	36
16	44
25	49
25	50
13	39
8	38
12	30
25	22
29	28
20	59
0	52
41	45
41	51
20	7
2	20
4	28
11	32
40	8
43	1
47	25
25	54
39	42
40	32
9	50
8	11
6	18
6	20
43	5
8	43
36	6
41	30
4	8
6	9
23	25
13	31
1	35
19	61
37	40
24	4
17	28
37	41
12	15
29	2
41	0
18	24
42	10
24	46
45	62
29	18
45	19
44	18
2	51
7	46
32	31
26	37
39	6
37	3
17	14
42	33
40	3
40	3
44	13
20	54
28	38
39	39
37	61
40	60
21	6
24	12
22	32
38	14
45	9
17	6
41	35
7	36
0	36
46	60
3	50
16	21
23	38
41	22
11	0
34	17
23	43
21	40
27	43
41	48
41	43
33	56
7	23
8	23
37	40
15	29
43	61
37	39
33	33
28	33
31	29
27	54
9	51
11	37
34	48
29	32
13	34
18	40
0	10
5	31
37	2
11	0
13	38
9	29
12	40
8	53
23	3
22	4
41	15
40	49
16	56
38	63
28	43
6	39
14	23
14	23
2	48
30	20
27	10
26	56
37	17
8	32
11	19
14	0
14	38
11	32
6	42
5	50
35	25
36	39
18	28
18	20
23	21
42	29
36	0
35	0
7	6
4	13
22	1
20	59
17	2
12	8
32	37
37	1
28	14
9	26
35	26
20	9
24	39
22	38
30	6
19	29
21	60
20	46
19	33
20	39
26	47
19	39
1	34
3	10
35	53
35	59
22	14
13	33
38	21
34	33
36	52
13	60
23	37
36	32
31	55
19	38
37	12
38	40
4	42
21	31
0	11
19	1
6	50
38	19
45	17
47	23
21	33
32	55
1	54
31	61
39	20
18	19
43	21
21	34
38	55
33	15
4	17
4	17
37	39
13	11
14	53
13	53
46	28
45	23
2	55
2	45
7	42
22	34
5	12
35	5
7	34
7	35
32	0
31	0
2	50
5	43
0	16
13	26
8	12
30	45
17	24
9	21
26	3
11	40
3	26
14	14
19	21
8	32
19	39
6	0
0	4
22	12
8	57
16	22
19	58
17	49
19	43
17	47
21	31
30	50
34	5
14	20
35	49
16	35
36	36
44	48
32	36
16	46
8	23
47	62
6	45
46	6
30	37
20	42
6	23
2	18
28	2
27	3
6	11
4	17
3	23
3	43
39	4
38	1
27	54
17	40
6	16
10	36
8	27
30	6
45	17
39	44
17	43
1	29
23	41
41	42
15	2
15	15
19	53
5	42
34	37
27	33
23	10
24	63
41	33
24	29
34	36
42	26
36	21
43	23
23	26
47	29
43	16
38	59
8	14
42	15
32	13
33	15
24	31
23	32
31	46
4	25
26	1
40	7
6	14
16	27
3	32
31	14
35	55
30	43
46	31
42	26
21	20
23	39
33	37
7	14
16	33
24	43
36	52
34	49
28	18
27	20
31	40
32	30
14	14
14	12
19	12
27	13
23	33
35	58
41	51
40	60
18	58
38	27
24	52
12	27
35	26
40	45
24	13
8	10
38	41
23	58
6	45
3	33
26	36
30	44
7	35
44	17
26	47
29	43
9	16
32	45
25	36
11	0
40	9
30	11
34	33
23	41
2	10
37	34
24	23
18	24
30	36
34	20
18	52
39	36
4	51
2	54
18	63
21	6
11	63
1	41
24	54
31	45
9	60
2	63
35	8
13	60
0	61
5	58
37	53
25	44
14	44
15	43
37	53
11	25
41	29
25	24
2	37
25	56
43	39
4	51
23	55
18	1
26	43
31	57
27	7
30	36
40	46
46	49
38	36
40	33
18	25
10	5
8	53
3	45
30	7
33	19
34	25
41	4
25	13
35	1
14	50
46	22
17	49
20	42
37	20
44	21
31	25
25	23
47	20
40	27
45	9
23	6
23	41
8	23
4	38
1	37
6	53
17	46
3	10
23	15
2	59
3	61
47	22
4	62
33	40
34	45
17	33
41	23
24	41
41	52
29	55
24	27
46	25
31	55
11	22
6	24
46	38
13	40
45	42
38	49
13	41
30	47
3	48
1	54
12	61
13	38
6	50
0	34
45	16
13	13
8	43
28	48
35	31
8	51
40	30
27	55
39	18
40	27
39	21
6	63
19	56
43	60
5	55
7	52
26	27
22	25
4	27
31	40
30	54
47	36
44	41
11	58
27	52
46	17
4	47
5	54
43	15
19	44
4	32
27	21
23	53
24	54
2	54
8	59
7	57
17	25
15	34
39	6
38	11
10	3
25	36
27	45
34	21
34	20
35	31
36	58
27	23
5	56
11	3
16	6
2	35
15	9
40	44
36	6
24	25
28	36
31	59
26	60
14	32
25	35
43	0
38	1
15	50
21	49
24	31
6	16
44	49
44	27
26	38
26	52
25	39
6	34
24	6
31	50
18	3
8	2
32	12
25	22
25	30
17	1
13	23
38	29
43	13
43	12
3	12
17	39
26	52
40	24
45	29
38	29
40	17
33	9
11	4
20	7
16	1
34	26
33	63
5	39
2	9
19	33
21	55
17	22
23	32
33	26
43	8
39	4
41	28
29	35
18	49
18	38
38	59
22	56
2	52
7	53
30	27
6	21
42	23
36	11
27	39
3	30
42	8
9	41
41	16
34	17
1	38
16	50
11	62
2	15
8	27
1	0
26	48
0	39
23	11
20	14
41	41
32	5
44	52
23	12
3	3
16	14
10	54
22	14
13	56
18	51
13	0
41	17
0	31
0	31
6	61
3	62
47	49
44	59
23	50
39	48
20	40
26	49
9	40
30	60
2	41
0	54
39	1
14	38
11	17
5	12
12	24
2	43
17	55
18	55
14	10
22	21
35	18
35	18
11	59
10	58
5	43
3	62
30	43
30	42
14	29
17	35
39	61
38	46
6	13
25	59
29	7
31	21
28	47
33	17
46	15
27	19
10	48
0	62
37	11
44	20
13	13
11	50
45	17
25	7
40	52
19	62
4	36
2	52
30	34
35	46
45	7
41	30
1	7
15	14
43	44
40	33
35	40
19	46
15	45
7	53
11	40
39	39
23	0
17	30
4	31
2	35
35	33
5	23
11	38
16	39
21	7
22	15
29	7
28	10
6	12
6	8
5	19
10	3
37	58
33	62
8	59
1	5
37	60
42	38
32	39
35	30
29	44
20	31
29	58
39	19
17	22
32	26
32	7
29	21
23	18
14	17
5	12
35	46
27	37
47	23
40	5
28	0
3	15
0	16
8	29
17	23
23	47
21	49
32	8
39	3
12	54
8	54
24	36
3	18
28	44
29	49
19	55
28	54
37	59
40	60
8	0
33	4
28	10
23	19
31	11
29	34
42	35
47	7
30	13
39	15
25	3
17	4
5	48
5	47
27	63
16	24
33	60
3	61
7	5
11	29
41	54
26	45
1	46
4	44
27	62
21	61
29	19
23	48
17	35
21	26
38	28
30	49
23	58
20	61
33	0
43	0
35	40
29	32
21	54
19	53
9	46
0	39
38	53
43	41
27	50
33	59
16	29
20	0
15	43
7	12
40	35
34	21
31	0
30	0
17	56
29	44
33	44
41	54
20	12
23	52
17	49
30	36
23	47
46	46
22	47
9	34
10	23
25	38
12	50
9	50
19	29
6	54
38	10
7	42
45	19
11	61
28	50
28	54
2	62
6	50
16	26
8	8
43	11
41	12
7	63
2	45
44	56
7	41
45	36
0	41
3	54
26	31
38	14
43	6
23	60
23	1
38	57
39	53
9	52
9	51
24	26
17	32
10	59
7	55
18	22
29	23
5	52
15	58
27	25
29	2
47	0
46	0
5	5
0	6
26	19
12	49
27	13
37	22
27	10
40	24
44	37
44	37
12	30
16	22
3	35
10	57
10	59
4	63
23	12
41	59
31	14
33	15
17	20
16	19
1	39
3	15
23	5
25	10
47	48
42	54
45	21
0	59
12	36
1	43
36	20
25	10
18	45
27	53
31	25
13	57
32	15
24	27
13	19
23	13
17	15
34	10
25	50
19	22
16	8
19	5
6	31
17	50
32	20
27	24
1	21
8	39
46	38
31	28
42	45
31	33
30	10
47	59
27	27
44	58
17	3
9	17
14	63
26	41
34	22
5	31
1	40
6	37
23	34
29	36
15	54
20	35
35	55
36	21
6	49
2	34
40	49
18	3
33	26
24	38
28	29
28	21
47	7
23	27
26	1
37	0
26	35
33	42
27	62
39	48
41	39
47	29
17	45
29	36
14	32
1	38
27	30
16	35
41	51
31	25
40	25
38	32
23	31
4	33
23	43
3	29
43	36
31	4
44	44
28	44
15	31
24	39
35	42
42	26
30	63
15	58
22	41
11	23
15	47
11	35
14	37
32	28
38	24
35	30
40	45
42	46
45	55
21	30
16	13
14	16
11	11
37	18
18	48
4	44
1	34
36	50
12	45
5	47
33	29
17	20
12	12
29	24
27	38
37	1
13	3
40	63
33	35
2	42
26	28
4	14
24	23
23	23
30	32
18	28
31	2
12	12
25	58
28	62
29	19
20	33
10	19
5	17
45	41
38	50
3	22
22	25
36	62
39	41
43	10
43	7
45	37
28	63
38	44
36	47
33	2
25	7
33	51
37	50
7	23
9	36
19	15
19	16
21	46
19	42
0	4
38	14
0	8
19	12
28	52
8	63
44	61
27	59
40	48
5	14
4	36
13	33
7	26
29	8
16	4
17	13
27	11
27	12
37	22
12	7
37	47
35	8
36	32
13	11
9	22
11	20
27	53
19	18
28	49
26	27
27	25
11	20
21	49
20	51
22	53
2	34
13	11
5	7
11	8
44	44
38	23
43	21
13	7
13	25
7	15
41	20
21	49
39	35
24	28
20	24
13	4
1	28
45	30
36	57
10	24
32	2
40	15
43	63
20	8
3	36
45	0
41	6
34	44
18	25
19	54
29	42
40	29
41	25
26	18
45	31
15	13
17	27
21	18
34	27
42	17
27	3
24	16
11	21
18	5
13	5
24	56
35	53
24	19
25	17
46	6
47	33
21	34
29	52
0	33
17	36
4	31
5	29
7	1
4	28
42	5
22	8
38	14
31	16
17	35
46	8
17	9
26	10
8	16
18	35
18	18
19	13
29	9
33	2
7	6
8	4
20	21
34	61
33	51
40	38
6	45
10	24
40	23
40	41
39	13
16	51
16	8
17	1
16	28
3	35
42	55
38	45
12	32
32	34
28	26
26	45
28	58
13	14
34	7
36	49
16	31
5	62
25	36
20	21
34	6
28	15
35	16
30	14
16	49
22	51
1	27
1	22
39	26
42	22
5	52
8	62
30	52
25	46
28	20
21	44
43	58
35	58
16	45
15	42
46	23
41	53
32	61
30	63
6	42
18	41
8	63
22	57
5	10
15	17
21	24
7	25
17	30
27	8
7	39
37	27
19	27
25	34
3	62
44	55
13	50
31	15
13	23
16	26
20	14
9	38
16	37
13	28
14	13
9	8
42	53
43	53
32	4
18	58
18	50
47	6
1	0
28	22
10	18
16	11
13	37
6	2
3	57
8	47
28	10
29	6
13	42
23	46
37	8
10	2
23	17
28	13
22	24
17	20
33	16
34	27
42	45
39	43
1	12
7	7
20	53
15	49
41	14
41	14
37	38
39	26
9	42
23	35
18	9
39	5
19	7
23	6
33	44
10	53
45	45
46	44
21	12
40	38
0	38
14	12
37	48
27	20
27	23
23	7
33	51
39	50
42	55
45	51
10	43
3	50
14	42
40	61
23	12
26	27
13	13
23	41
4	42
10	41
0	9
22	11
4	63
4	63
14	60
16	58
10	28
11	34
46	40
23	3
4	43
3	40
47	8
45	8
20	58
45	33
9	44
28	4
34	14
4	26
11	31
7	15
12	26
21	34
45	21
24	29
18	6
35	19
3	24
4	24
36	2
28	1
18	60
30	1
35	27
25	14
35	20
40	17
27	33
20	5
25	61
19	48
25	7
24	6
15	56
9	45
2	51
10	57
43	49
34	59
5	5
29	0
47	42
7	61
3	33
23	58
23	62
7	52
29	17
5	36
18	39
18	26
0	27
16	15
34	18
26	5
7	55
5	45
27	49
36	23
47	36
41	27
33	29
22	5
27	60
24	63
31	15
15	47
28	47
40	10
24	58
20	58
20	39
29	9
24	11
28	4
9	42
19	6
38	36
2	57
17	50
12	42
25	32
26	32
30	21
38	35
18	31
24	1
28	32
37	28
31	24
37	18
15	48
35	30
25	26
36	63
40	35
33	44
34	49
43	52
10	44
11	29
20	44
18	47
0	2
42	59
38	0
30	48
12	28
16	25
6	39
5	60
41	56
45	23
25	18
35	51
16	29
32	27
5	30
29	24
31	7
35	10
25	6
14	45
35	31
15	21
16	13
41	32
15	44
12	56
22	21
23	7
31	26
22	34
39	38
23	28
44	6
46	0
42	20
28	56
18	6
45	32
22	45
42	38
38	63
33	60
38	19
37	32
9	53
4	47
26	61
33	23
32	15
39	4
31	9
14	42
35	36
32	2
6	3
5	4
24	31
37	41
15	37
4	8
20	14
20	16
22	49
33	46
39	14
12	60
36	53
30	60
31	58
43	39
31	49
37	58
30	51
14	56
7	2
46	61
14	39
20	38
22	28
22	30
44	31
47	39
11	35
41	39
20	16
18	17
24	49
33	45
11	29
15	16
47	27
27	18
9	34
5	35
19	28
6	0
6	22
16	39
22	35
19	26
33	16
44	48
30	34
0	32
10	20
2	46
11	16
21	3
22	9
17	16
36	40
46	46
8	19
6	16
40	11
9	60
7	58
19	53
27	61
34	51
8	9
19	21
11	59
11	59
2	21
30	55
21	42
35	15
5	32
19	26
15	26
9	23
36	22
46	15
39	55
7	41
31	17
29	19
21	15
13	26
41	50
45	57
33	53
30	52
24	39
6	48
10	23
37	54
18	24
23	23
25	50
35	49
32	12
16	8
32	1
41	7
3	6
25	1
40	31
37	29
9	32
0	21
10	13
35	49
15	54
16	61
2	27
3	52
12	1
31	30
25	11
31	3
17	41
35	48
7	6
27	25
29	2
27	5
47	14
41	10
2	3
29	15
29	3
36	28
18	14
17	8
20	25
13	44
26	46
35	18
35	11
18	15
8	56
6	53
38	29
22	38
3	13
0	59
3	29
22	44
45	56
26	25
40	9
39	7
44	39
22	10
30	17
8	7
45	49
23	57
11	15
36	19
21	24
18	18
6	42
34	52
6	37
19	33
10	56
4	63
39	14
5	31
33	18
5	54
28	35
47	56
28	28
4	1
8	18
12	12
22	18
11	8
45	2
30	16
36	31
38	2
34	58
34	59
0	63
45	62
16	51
36	13
32	15
28	15
22	19
22	20
27	47
38	58
29	59
39	60
20	23
6	42
39	11
39	21
21	10
12	23
5	53
4	51
16	28
46	44
16	57
4	45
22	32
14	19
39	55
34	24
0	10
24	47
28	32
22	30
36	6
41	20
20	51
29	39
21	53
26	54
40	27
22	56
17	13
21	17
24	48
34	54
30	31
38	42
23	27
22	39
21	10
42	19
12	18
33	11
32	19
20	36
23	57
40	13
21	29
17	20
7	39
40	46
17	49
23	48
28	52
27	54
41	51
33	35
30	41
10	14
18	5
20	2
7	25
9	27
40	7
35	0
1	18
44	17
45	29
39	35
33	33
47	51
35	12
11	58
16	33
11	31
22	27
29	37
13	41
13	51
30	22
29	15
33	61
47	60
22	52
41	60
13	54
20	60
16	13
5	0
14	57
34	42
38	5
29	49
6	22
0	14
45	19
46	10
38	28
45	32
3	2
3	5
33	13
45	41
1	43
18	14
9	22
43	27
38	18
37	28
34	4
24	2
43	17
3	42
37	30
10	14
34	52
34	53
18	39
17	56
47	32
32	22
21	24
21	17
7	24
11	39
39	42
39	42
12	23
10	46
10	39
25	37
31	28
33	24
39	11
32	19
43	32
6	40
45	57
45	57
18	33
15	46
36	29
40	26
39	14
40	14
32	15
15	24
16	30
41	16
17	16
5	31
15	46
17	58
41	27
22	44
5	49
33	47
1	49
4	38
13	9
4	9
32	51
41	61
4	61
7	63
28	29
35	9
9	13
30	13
14	27
35	54
23	45
41	43
16	40
24	58
42	48
30	2
9	53
2	51
27	18
29	20
21	8
0	33
46	59
17	29
11	30
9	41
20	9
5	23
20	38
29	45
25	4
23	6
30	23
44	5
1	32
3	31
45	30
21	16
46	31
25	18
11	55
4	20
41	30
40	35
46	12
28	2
28	0
9	11
33	18
29	22
25	8
15	8
3	4
10	50
3	52
1	43
8	35
12	36
16	40
39	13
26	43
27	31
19	60
29	62
16	32
42	43
34	41
37	43
41	63
13	41
24	20
26	22
32	39
2	12
15	61
44	36
46	36
29	54
44	58
43	57
43	42
42	8
5	30
4	31
11	62
7	56
37	18
26	22
22	28
43	26
33	62
41	55
25	61
6	56
37	11
37	16
21	23
21	0
24	2
41	12
23	10
26	7
10	8
8	8
10	26
37	11
18	8
28	55
21	34
40	12
13	2
6	54
29	59
37	59
37	52
27	44
6	0
27	24
34	63
6	37
47	19
47	13
38	17
42	11
28	34
44	25
32	51
20	42
41	27
39	36
1	28
3	24
2	33
14	30
31	21
41	28
26	28
31	27
4	30
36	40
23	9
22	11
39	12
38	15
35	60
37	37
15	30
46	46
21	56
0	36
12	52
28	53
27	18
32	21
5	19
27	37
15	36
36	48
0	12
7	29
13	56
11	30
2	6
25	51
32	6
47	7
30	36
38	13
33	19
9	13
20	31
10	37
46	45
42	56
16	22
13	22
34	12
27	6
10	2
17	0
6	23
18	36
31	42
13	22
32	42
23	53
29	26
14	30
39	13
28	23
29	13
27	11
26	60
27	59
9	54
44	50
13	37
31	21
36	58
20	61
0	45
25	39
45	11
40	14
35	30
41	31
26	37
34	22
28	22
16	19
22	18
4	17
24	12
3	33
7	61
3	56
14	32
7	42
3	30
11	45
28	58
15	63
14	49
39	33
20	41
47	25
1	3
1	50
27	19
14	39
25	59
7	38
12	2
2	29
15	22
10	38
27	29
26	19
46	23
45	1
13	11
31	56
11	3
28	29
47	1
35	11
14	31
9	21
20	32
11	51
13	59
17	59
32	44
32	27
25	25
39	19
38	40
22	18
13	16
8	39
19	22
42	52
8	25
35	24
7	12
10	10
40	6
20	11
31	50
14	42
27	6
40	4
41	25
23	11
19	44
37	23
38	25
43	39
31	43
2	12
4	35
25	60
40	31
43	34
1	32
16	25
32	44
22	47
35	33
12	19
9	39
27	31
23	57
22	49
0	42
10	48
21	33
18	16
45	43
45	25
13	8
29	3
28	14
41	32
32	30
17	16
29	50
47	26
27	57
45	50
0	51
25	46
15	47
20	44
26	31
42	26
42	4
26	14
15	56
44	31
1	34
5	35
18	22
13	61
46	55
15	36
4	51
4	56
8	22
16	5
31	3
35	4
24	52
32	56
19	46
21	47
44	30
46	31
18	33
44	45
24	59
26	59
3	61
24	45
36	24
25	16
43	8
0	0
10	33
0	51
27	12
33	11
44	28
35	47
22	25
2	37
26	16
35	61
27	0
27	6
17	6
35	48
15	1
8	18
2	45
36	30
3	63
6	46
10	48
38	33
31	60
37	51
30	24
29	25
34	13
26	14
35	2
15	14
37	34
42	35
21	38
13	48
17	2
25	21
32	7
13	3
6	19
22	63
19	57
30	5
27	38
28	42
25	18
41	10
10	48
40	39
6	60
1	63
39	36
40	27
12	9
19	16
47	50
40	41
31	29
25	25
6	29
4	31
40	58
29	49
3	5
11	61
42	45
8	16
15	46
23	50
41	27
36	37
46	50
24	9
18	53
38	51
24	44
12	34
33	17
36	14
40	43
40	63
8	59
47	39
21	37
9	50
21	26
20	38
11	37
10	27
36	30
31	23
6	11
10	14
14	20
33	25
10	39
26	11
20	46
3	54
19	13
28	17
29	4
32	24
32	30
26	35
38	37
38	35
11	38
2	54
23	29
28	36
35	40
27	49
40	24
26	47
40	33
37	30
30	51
20	62
27	39
19	26
22	57
20	48
17	0
15	62
9	27
27	29
25	35
24	37
46	26
28	11
34	14
24	26
38	11
14	43
11	1
18	2
23	10
17	4
24	6
24	16
45	26
40	58
16	25
22	8
18	9
14	53
22	21
34	7
23	49
37	52
37	57
25	20
25	0
6	60
30	7
22	51
46	30
28	27
2	14
34	17
44	17
46	13
30	11
22	19
8	41
19	42
44	20
43	43
2	6
0	1
18	11
1	21
6	15
32	36
44	20
22	4
32	15
37	49
35	18
17	15
26	40
40	29
40	44
46	34
18	63
24	45
44	57
29	61
25	38
24	38
24	37
36	56
32	5
35	16
31	48
27	52
30	49
34	12
35	1
22	24
45	38
6	33
23	25
3	40
35	13
30	23
7	36
1	50
18	38
22	39
20	14
12	55
29	6
28	12
45	3
43	10
16	11
22	1
42	61
19	57
44	0
33	41
23	45
24	51
17	49
27	38
34	46
16	2
27	12
46	27
27	57
41	56
10	24
10	37
5	33
23	25
22	14
7	60
44	54
32	44
37	22
36	22
8	44
19	35
18	43
39	59
25	35
3	63
29	47
14	43
14	55
40	23
16	31
23	29
11	23
7	3
1	41
13	43
36	19
39	38
27	31
40	22
42	32
4	31
24	43
23	47
1	11
0	11
10	13
11	12
40	45
47	28
18	45
42	63
34	51
47	40
0	46
45	47
11	21
17	15
18	13
3	12
32	49
11	42
23	2
20	6
8	25
35	45
0	42
2	44
3	48
39	39
32	32
40	23
18	47
39	51
28	33
42	42
14	29
12	35
26	51
23	57
37	15
17	28
36	21
47	47
32	6
24	32
31	39
30	37
20	9
44	14
40	46
24	47
6	10
15	11
40	59
40	59
20	59
12	52
18	12
28	34
17	34
39	13
20	12
14	19
3	38
9	40
18	28
30	32
30	43
44	14
8	7
21	19
26	47
32	42
29	15
20	22
8	18
37	31
47	44
24	19
25	3
2	39
37	53
32	32
21	1
38	31
16	39
1	21
18	18
27	47
15	1
18	2
18	43
29	44
0	26
13	39
32	21
20	26
31	56
32	55
21	9
19	4
21	59
12	51
17	54
32	42
11	56
10	55
41	16
40	38
29	18
7	47
43	40
40	25
19	50
13	59
34	13
17	18
26	32
24	31
27	28
4	13
25	3
19	3
4	41
32	33
9	8
3	14
28	9
3	62
23	46
23	14
20	24
30	63
8	45
7	44
15	36
14	34
20	10
42	6
46	45
1	58
20	58
41	46
30	22
2	6
0	11
41	2
13	19
22	25
24	24
28	3
16	28
46	22
16	38
15	27
19	60
32	35
20	11
25	7
43	22
46	25
15	44
10	41
11	21
45	63
33	11
9	0
37	60
34	62
30	38
4	34
12	32
3	54
21	31
11	40
42	61
39	30
44	27
38	19
36	2
47	0
20	57
10	35
35	44
40	41
7	9
18	55
15	50
23	49
26	17
28	16
34	17
34	12
32	32
10	30
21	47
28	11
22	55
46	3
23	50
29	47
15	40
25	8
3	58
3	58
34	53
45	4
10	9
12	3
31	13
13	17
23	29
13	60
45	53
9	61
6	16
46	21
18	4
18	4
24	60
16	51
16	2
9	22
28	47
9	58
21	12
19	9
40	26
16	39
13	38
18	13
37	40
39	44
26	20
14	34
14	25
11	20
40	46
29	32
18	61
3	47
8	34
1	20
30	27
6	35
41	26
44	50
28	27
20	41
1	11
29	20
9	5
20	19
40	31
33	30
35	50
13	40
9	27
5	13
36	21
23	47
28	10
24	11
28	31
31	29
40	20
2	2
26	21
27	23
27	27
46	31
4	51
35	14
18	3
14	9
11	59
4	62
28	63
19	32
36	45
36	40
32	45
24	26
29	5
43	17
16	62
37	38
3	20
14	63
7	13
31	31
42	5
39	37
28	29
13	0
16	13
15	14
16	61
27	20
33	61
45	21
43	61
31	46
1	7
10	16
44	29
1	53
25	51
43	44
43	14
37	18
41	56
47	10
24	30
44	54
5	10
34	36
6	42
8	56
46	44
46	45
39	5
16	23
44	43
38	44
47	43
41	43
12	40
13	47
12	46
46	28
15	56
12	56
40	58
40	22
14	14
39	4
12	30
19	46
9	1
42	2
11	13
26	21
43	28
44	21
22	48
17	56
10	12
7	12
14	20
42	58
4	57
6	47
31	37
18	21
40	11
44	21
45	4
1	17
12	5
11	2
46	36
46	36
6	51
10	44
36	33
34	60
44	36
47	26
2	62
46	3
5	10
33	53
25	19
23	15
9	16
9	14
32	10
4	22
30	47
29	51
34	2
17	19
7	35
0	30
43	5
43	8
22	16
38	22
9	3
9	14
17	45
14	21
16	21
22	12
40	37
21	44
41	36
24	48
30	4
40	7
28	20
27	1
0	30
0	31
11	48
19	3
28	59
31	3
8	20
9	43
14	9
22	8
9	16
20	17
35	13
40	21
30	49
39	55
19	50
24	52
17	55
24	49
38	53
41	49
19	42
17	44
8	35
34	49
18	41
13	43
39	32
4	5
41	23
41	19
4	54
12	23
32	5
34	4
23	6
41	14
22	24
34	18
28	11
18	29
32	22
24	26
47	23
41	29
25	28
20	51
32	34
25	28
45	58
19	63
19	42
3	59
40	49
35	42
31	58
24	56
4	6
25	63
10	40
30	33
10	35
11	34
44	22
41	11
27	49
17	52
0	17
8	42
12	38
13	53
33	26
22	16
6	56
36	53
33	32
28	31
5	21
4	30
5	13
5	30
18	50
23	51
31	10
33	7
16	39
43	22
44	0
12	7
3	5
10	53
12	13
23	3
8	45
16	41
39	56
36	57
30	22
23	23
7	16
28	6
4	60
6	63
41	10
17	23
25	8
17	14
10	39
46	29
27	2
23	18
0	16
7	11
11	51
6	41
4	62
6	42
23	42
27	13
42	38
45	54
11	28
45	10
17	0
21	6
38	19
36	62
13	31
8	23
31	21
24	11
38	17
24	22
9	42
16	17
38	39
20	5
11	8
26	11
32	17
5	38
23	55
40	49
15	52
28	28
42	45
43	46
17	37
15	35
19	47
15	53
32	41
6	29
33	26
36	11
7	10
11	61
22	35
22	34
25	61
17	51
42	32
34	46
45	1
37	57
39	45
47	63
19	46
24	50
19	39
8	62
46	7
25	57
28	46
39	30
35	4
17	31
31	47
40	55
6	43
15	49
19	52
29	48
33	12
33	11
18	60
4	12
25	1
42	11
3	5
12	49
27	17
23	13
13	35
35	20
21	47
29	30
44	30
9	30
38	45
41	48
31	32
25	36
21	48
36	13
37	15
42	9
41	16
40	27
20	51
39	22
27	18
28	20
22	13
18	4
13	44
34	24
42	61
26	43
17	24
32	50
36	49
0	22
32	50
46	30
33	37
27	38
19	46
9	32
11	43
33	36
3	7
32	41
29	36
0	33
31	52
42	24
27	32
25	8
26	52
5	27
2	52
28	63
27	33
33	12
43	31
4	60
11	26
11	18
7	39
40	26
11	4
15	4
44	45
12	12
14	59
17	57
4	58
14	58
38	4
8	11
28	23
16	57
9	32
23	20
16	6
5	3
28	7
31	6
23	29
33	11
38	42
36	41
20	2
40	25
14	21
29	26
3	25
12	36
46	48
36	55
37	34
4	15
30	57
30	57
3	29
12	19
19	35
22	1
42	37
28	24
24	16
17	25
26	12
16	35
44	30
30	56
34	52
2	57
45	45
20	22
45	21
27	41
13	7
33	34
5	56
4	58
33	32
20	18
0	46
11	2
20	20
1	43
36	25
13	11
38	32
22	37
10	49
8	34
35	41
6	36
15	46
15	43
30	51
38	52
45	42
15	25
10	60
27	54
19	36
39	50
10	54
7	48
4	24
0	24
14	33
18	11
6	6
13	33
33	60
19	48
33	54
14	34
26	39
29	34
3	4
5	11
31	39
43	33
31	5
43	56
8	4
20	36
40	46
39	46
16	39
18	24
1	33
21	4
25	31
2	42
24	12
15	22
14	43
16	42
22	58
33	29
5	56
3	56
34	22
11	27
1	11
42	19
24	46
18	52
43	24
13	7
23	24
22	21
0	15
26	28
36	60
2	58
7	48
12	40
39	19
13	57
13	11
20	16
25	1
28	14
14	30
28	43
0	38
25	25
18	19
19	11
23	14
20	12
26	63
26	10
11	35
35	54
15	8
19	8
35	35
17	22
23	51
44	7
31	6
25	7
24	51
24	52
16	17
13	9
0	14
4	15
6	33
24	3
41	30
26	13
9	33
10	33
8	40
38	54
0	54
46	34
26	27
18	47
44	39
44	56
22	55
23	45
20	38
18	40
3	45
47	2
5	13
2	15
22	5
23	29
0	26
29	62
0	51
6	61
15	15
14	7
21	5
14	5
33	58
30	48
33	33
24	5
2	17
13	5
18	56
0	25
22	19
30	26
20	39
20	39
38	20
24	31
25	42
26	43
38	62
47	55
24	34
24	34
25	49
37	37
4	52
34	50
3	13
5	20
4	19
23	59
30	13
7	4
8	27
20	26
3	48
25	23
28	20
38	51
47	7
34	22
10	17
35	53
20	53
8	16
12	53
32	33
11	7
10	9
13	23
5	17
39	41
44	54
35	63
46	22
27	54
27	54
0	19
1	19
5	0
25	11
40	40
40	39
9	38
45	48
22	2
26	2
43	41
26	49
43	38
32	9
34	46
25	28
35	5
37	34
6	36
37	12
42	8
47	13
41	19
38	27
16	29
17	29
7	63
27	22
7	30
23	12
0	27
4	50
40	53
31	51
4	3
41	32
38	13
2	27
47	52
29	40
2	5
37	28
28	13
27	41
45	59
17	20
28	13
20	46
3	31
7	32
14	36
41	60
34	59
47	45
39	34
38	29
23	1
3	3
21	46
36	55
44	19
45	61
46	52
41	53
33	33
21	35
32	52
19	27
16	48
18	49
5	31
17	0
16	7
41	9
21	21
19	25
14	39
6	6
31	23
17	16
30	14
4	9
23	41
5	36
14	19
14	19
12	32
31	30
33	38
39	15
14	48
31	42
39	31
44	63
16	32
24	43
40	44
43	45
3	52
42	49
31	45
1	24
34	39
4	17
31	47
45	15
41	53
45	51
19	32
10	11
24	53
26	52
6	18
8	1
29	52
36	44
32	19
7	25
40	36
7	56
44	59
22	6
35	24
31	10
28	16
18	32
35	54
41	43
22	28
35	60
18	8
6	16
2	32
3	18
24	37
15	40
40	22
21	48
18	44
40	13
22	41
26	55
21	45
19	44
39	42
40	42
11	63
4	47
8	18
18	18
12	59
36	4
16	3
17	2
37	40
20	26
45	38
21	46
1	24
39	30
29	58
44	39
43	0
30	0
18	51
17	52
3	18
9	50
23	31
0	53
43	49
43	33
37	34
30	37
1	29
11	6
33	24
38	24
40	62
28	30
8	44
13	28
28	54
23	1
13	54
34	15
22	24
11	26
45	20
15	12
37	52
37	51
30	48
1	31
8	11
16	59
6	13
33	10
9	13
12	5
33	22
4	40
4	41
12	41
11	7
46	45
21	21
41	61
38	52
5	58
19	27
24	30
6	38
30	55
4	40
22	25
14	63
14	57
35	16
9	57
44	31
45	35
32	28
39	23
26	59
34	39
25	51
42	49
17	14
2	27
23	14
23	38
17	63
27	33
20	3
8	39
15	31
6	29
5	47
17	14
6	15
18	18
42	62
13	31
37	8
13	20
16	4
5	19
10	39
11	45
37	14
35	15
27	37
36	14
20	19
14	30
21	40
11	9
3	1
36	39
11	19
20	31
12	13
9	12
46	53
46	63
38	47
47	60
11	23
17	9
33	19
33	17
14	3
15	6
5	1
28	44
41	18
34	10
6	30
33	26
7	18
17	56
29	60
29	60
7	35
16	29
42	37
24	43
19	54
10	50
19	54
11	19
31	54
30	40
14	16
27	30
26	8
22	3
39	14
41	60
3	37
3	35
31	29
35	33
40	18
4	22
8	60
29	44
25	15
29	0
15	53
46	7
19	59
12	51
47	30
40	51
25	0
34	32
29	35
15	10
22	18
41	45
38	2
38	3
33	53
39	56
11	56
24	40
26	19
18	63
13	61
21	36
23	0
18	21
1	33
8	25
0	45
16	41
6	6
18	22
31	63
23	48
3	51
0	61
28	11
24	27
27	12
25	7
4	3
19	0
44	59
43	60
30	55
19	42
8	2
27	18
40	14
23	18
39	14
32	24
24	8
25	9
5	24
39	18
35	30
20	30
46	45
24	1
24	29
33	27
31	14
42	22
4	15
4	24
24	24
19	18
24	29
33	14
0	26
15	15
13	61
35	33
10	19
30	25
32	16
43	31
25	43
30	38
38	47
39	44
17	48
46	34
25	23
37	20
11	39
6	16
43	50
27	58
29	59
24	37
19	32
37	32
7	43
33	10
26	41
20	24
40	56
10	7
43	12
28	12
4	19
13	19
17	35
17	34
34	45
30	31
11	39
13	30
34	47
20	45
19	52
36	41
34	58
29	47
8	29
9	30
47	51
43	8
16	22
16	22
15	48
46	13
10	35
23	34
39	57
43	54
32	39
28	49
11	29
16	30
45	37
22	10
20	8
29	4
26	22
25	25
4	26
7	39
44	39
36	22
0	44
4	42
12	48
23	39
17	10
13	16
27	31
35	41
25	40
19	34
33	32
37	39
32	43
3	2
31	52
41	55
47	23
18	29
30	7
28	42
8	47
10	37
24	4
26	61
25	30
30	16
16	39
17	47
21	51
22	27
26	48
2	39
6	21
6	12
3	18
6	16
23	35
24	37
27	27
37	26
26	2
32	56
1	30
1	45
11	21
6	34
43	48
41	49
11	2
28	20
5	31
38	27
37	19
38	14
39	38
39	38
20	52
14	61
31	60
13	32
32	13
11	8
22	12
15	9
3	28
3	51
28	24
23	28
35	20
31	20
26	38
33	7
32	26
43	16
17	53
9	47
31	9
29	16
10	32
4	51
14	4
35	2
0	21
8	28
36	36
32	19
23	40
19	36
44	39
34	18
30	40
28	48
19	18
29	16
28	15
30	29
41	46
39	53
34	28
31	2
44	27
42	19
38	59
14	34
11	52
30	28
15	22
39	20
17	34
38	48
6	28
20	46
9	34
7	43
17	18
2	6
11	18
16	48
12	15
23	13
25	44
15	50
37	40
40	38
18	25
13	29
25	27
12	44
28	11
40	45
35	40
36	51
18	30
29	16
16	28
9	19
7	39
5	43
5	56
12	54
2	59
21	42
24	17
45	19
27	62
29	21
43	25
45	19
29	61
26	58
9	39
35	7
36	20
45	9
6	35
35	43
3	32
0	20
17	20
44	35
27	5
25	8
33	34
12	51
44	39
43	54
24	35
33	11
38	53
38	53
19	18
20	26
15	16
10	41
9	17
9	17
36	1
32	13
30	35
16	39
21	52
32	37
16	31
14	24
2	58
18	12
46	20
46	18
14	16
30	52
44	24
6	15
17	25
4	31
28	0
14	6
35	44
22	34
13	57
14	44
13	53
15	60
22	15
39	22
29	0
7	63
15	31
5	48
38	44
31	16
26	37
30	29
10	6
27	52
9	38
14	48
4	37
0	16
1	14
17	19
32	39
26	45
18	58
30	21
34	45
21	43
41	24
38	61
7	27
23	37
24	49
23	46
15	52
16	52
38	38
37	36
2	33
24	37
18	10
31	10
4	45
45	12
30	8
24	9
28	43
33	47
39	47
15	23
19	33
23	56
33	56
8	19
36	21
46	30
43	50
17	35
33	2
29	8
19	44
5	26
25	51
8	28
33	31
23	1
28	37
18	57
26	6
42	32
12	55
36	63
1	27
16	57
9	8
4	14
18	23
44	6
19	4
28	56
22	57
27	58
39	43
42	41
4	48
19	62
39	46
35	41
2	60
1	53
33	51
38	49
3	9
3	11
13	16
23	3
41	23
46	33
33	52
34	51
32	53
30	48
28	31
37	41
17	63
8	25
13	36
12	44
30	59
28	7
17	41
5	25
47	34
45	37
33	40
8	23
5	43
6	20
35	37
35	38
14	35
9	45
15	35
41	19
19	38
10	35
21	53
14	50
30	28
33	15
4	52
6	25
47	43
35	52
29	10
28	15
12	13
12	13
20	60
24	60
15	16
46	34
30	23
21	17
2	24
3	48
19	30
16	25
3	52
4	53
42	19
46	20
29	14
36	3
25	36
16	15
15	55
17	28
27	4
26	0
14	42
5	34
35	41
30	42
3	38
2	46
40	18
28	39
27	5
31	15
14	1
34	63
37	20
47	16
34	41
25	39
5	34
39	19
28	19
32	17
39	58
39	58
32	33
22	12
29	24
0	33
30	12
21	7
28	2
35	11
20	40
42	35
46	51
29	53
21	0
39	25
43	2
45	19
47	19
12	33
35	46
12	59
17	20
5	18
5	27
11	18
27	17
13	21
36	33
24	61
18	42
24	36
41	5
38	8
28	35
39	27
11	22
26	47
46	28
34	21
33	54
31	47
12	16
9	14
38	43
28	28
25	42
10	37
13	29
20	11
25	37
38	43
18	16
37	36
20	6
43	2
46	56
13	9
46	46
38	19
42	12
27	46
38	9
27	9
13	38
33	36
35	29
10	22
29	30
38	52
46	43
40	54
42	26
45	22
23	31
31	19
38	10
41	7
36	4
12	20
37	63
29	57
36	30
36	30
4	56
1	57
45	40
29	48
32	0
31	0
8	34
10	35
31	63
15	4
39	63
15	59
34	12
47	11
17	49
41	54
43	2
32	44
1	28
3	23
19	59
3	44
5	24
36	40
21	37
15	22
35	41
46	20
36	17
26	39
7	32
17	35
24	40
26	33
14	37
25	41
2	25
4	20
0	48
18	40
42	7
45	50
18	24
18	24
15	2
38	36
4	45
13	39
16	22
22	5
19	62
42	1
9	16
36	21
40	20
39	13
31	48
32	51
15	0
35	31
2	39
17	22
15	58
37	52
47	45
37	63
25	6
35	6
36	42
35	41
44	52
20	2
33	11
33	35
41	61
41	36
20	40
9	0
17	33
9	47
36	29
34	28
5	16
45	42
2	13
30	7
27	14
0	42
14	60
36	49
26	46
17	47
5	42
30	12
32	59
32	59
16	59
46	60
41	3
30	1
22	13
22	13
6	52
25	37
40	49
7	33
16	45
15	22
14	25
2	14
31	24
7	17
31	62
47	56
17	1
41	32
1	6
26	23
15	35
15	6
24	44
33	42
46	48
42	61
38	52
46	30
14	33
38	41
1	42
12	39
26	48
26	48
34	12
4	14
40	46
40	45
5	57
13	61
29	4
35	20
40	34
35	63
11	14
18	59
41	53
37	39
47	44
47	44
5	33
10	5
11	24
26	32
31	47
13	26
4	14
39	50
36	16
44	47
47	19
47	19
46	48
40	2
2	20
11	12
43	36
11	10
41	2
5	19
31	1
17	0
6	15
41	47
47	27
46	28
41	39
33	45
28	35
40	14
37	28
34	27
42	27
41	24
38	30
6	11
38	33
21	48
10	0
9	13
22	6
29	56
7	58
15	60
14	51
33	59
23	3
7	47
1	17
4	7
37	43
5	34
26	36
14	21
37	45
37	45
6	41
47	37
22	4
9	6
37	49
10	19
30	19
38	33
1	59
22	44
30	57
37	23
40	14
38	43
17	18
5	16
11	9
7	12
46	49
36	33
14	42
20	36
31	44
31	45
44	30
24	37
4	45
15	22
13	18
16	1
26	21
33	12
36	8
44	61
30	43
26	37
30	27
43	16
41	5
18	24
27	49
32	19
12	28
17	27
27	7
28	22
36	36
14	7
7	7
7	7
31	10
41	61
14	11
16	21
18	61
14	27
33	30
46	6
14	63
2	58
39	22
30	58
17	33
16	34
16	38
17	61
18	40
18	40
45	42
42	48
13	57
7	52
10	27
44	58
18	51
26	32
10	19
42	6
0	55
2	52
24	44
26	38
41	27
8	51
43	42
25	32
22	26
2	15
34	30
37	52
23	4
35	13
38	43
38	8
38	46
4	57
43	44
6	4
27	37
22	6
37	23
25	11
21	39
23	58
8	24
13	32
22	18
2	61
28	14
9	61
7	61
7	61
23	36
7	39
25	52
29	17
22	22
7	4
36	9
26	23
30	53
38	50
28	31
9	4
11	49
19	54
27	26
34	14
35	56
28	61
23	40
30	22
31	20
41	12
9	54
46	61
12	31
13	33
25	63
26	61
29	32
6	60
15	38
7	59
38	11
0	30
32	3
15	16
19	24
43	44
12	24
16	23
16	18
38	58
9	26
11	61
8	52
16	38
2	37
3	4
12	61
6	62
4	4
19	24
10	51
16	52
31	63
16	62
47	40
10	16
17	41
33	7
11	9
10	17
34	19
32	26
25	43
38	49
15	40
13	43
36	32
35	26
10	51
8	56
8	41
20	12
8	58
37	42
41	17
11	4
37	18
29	31
23	45
28	58
21	43
36	4
26	31
17	7
27	59
31	30
40	58
45	47
11	38
39	61
15	29
35	2
19	43
20	45
16	15
14	3
39	63
37	33
38	3
33	23
19	42
14	41
15	31
11	30
23	40
33	34
25	56
34	32
2	47
1	59
10	57
5	10
26	63
22	47
2	52
46	46
35	53
23	9
42	50
47	46
8	43
0	52
37	32
37	32
33	34
27	52
34	60
30	52
39	13
41	12
13	56
13	55
8	51
16	47
39	32
40	32
36	8
46	42
36	15
1	2
3	36
21	36
31	6
32	0
26	0
47	16
34	9
24	62
17	62
1	44
0	5
24	48
18	24
27	20
32	40
3	48
27	32
31	35
23	39
19	36
28	20
32	18
11	13
41	39
43	45
38	21
21	1
27	0
29	11
22	26
20	0
28	19
7	60
15	52
24	39
39	35
28	46
31	33
27	20
33	24
32	54
3	39
15	27
27	44
19	22
30	45
32	25
37	17
29	19
11	21
23	63
9	38
12	42
15	59
24	13
7	10
45	7
21	22
45	43
28	49
38	40
39	43
32	43
20	30
0	52
6	53
26	14
26	19
45	49
20	61
46	4
40	3
9	11
47	46
34	30
38	23
30	41
46	62
24	56
38	63
28	25
41	45
19	8
37	2
41	63
43	59
1	15
45	46
9	14
31	6
21	41
44	19
38	26
34	42
23	47
24	45
16	18
34	25
9	34
12	38
18	17
10	13
43	31
1	6
17	30
15	29
29	17
35	26
29	28
29	19
13	36
22	40
4	50
3	56
20	36
39	4
3	28
1	24
4	60
4	59
37	32
40	11
37	9
38	27
11	31
6	50
24	35
2	37
9	36
31	54
31	11
41	36
35	4
19	11
30	38
32	13
32	26
41	33
13	56
11	57
10	6
16	14
0	36
17	19
34	4
45	18
46	38
43	31
32	29
42	22
38	25
29	45
3	40
3	40
32	47
30	44
15	28
25	5
36	22
40	18
20	45
19	45
15	21
13	1
37	50
39	50
5	35
3	40
15	55
31	11
7	28
12	24
43	56
18	16
37	31
12	18
33	55
37	57
26	39
20	37
47	15
8	52
47	13
2	2
21	34
30	28
42	23
30	49
7	26
15	33
34	56
8	31
10	24
22	22
25	1
38	12
46	58
34	21
30	8
37	9
24	4
30	25
31	20
26	6
41	13
34	11
38	48
42	63
18	38
25	15
28	37
36	17
29	14
46	27
33	57
43	43
7	3
38	25
22	55
42	51
18	36
27	52
42	40
23	23
40	42
45	22
9	26
25	26
15	3
29	35
27	1
40	47
4	45
44	9
17	34
26	35
36	62
31	58
3	17
17	55
20	16
24	58
31	62
37	10
34	37
35	50
35	55
22	54
19	60
6	51
31	11
5	58
1	63
34	36
9	5
1	6
19	34
18	35
22	25
40	45
29	23
12	18
8	49
13	44
23	25
46	20
36	36
46	28
47	45
36	1
26	24
22	10
15	3
38	43
46	9
37	14
9	11
17	23
31	53
41	51
26	36
14	28
17	10
15	14
17	45
27	45
2	40
18	19
9	36
11	45
16	28
20	13
4	4
23	23
34	36
4	54
16	15
15	20
31	13
6	12
38	21
43	19
45	37
45	37
20	8
5	43
37	20
25	4
45	26
3	30
9	6
14	3
27	38
18	43
13	35
10	35
26	61
44	38
16	32
20	31
42	7
47	37
41	4
9	18
21	24
9	30
25	8
42	15
27	11
4	18
31	28
22	14
21	45
15	58
8	47
17	62
7	56
20	53
8	32
16	6
23	29
34	49
34	37
35	37
19	26
28	15
2	9
29	12
10	57
30	40
4	2
6	11
6	22
2	49
32	19
13	1
11	0
27	26
7	18
10	12
28	0
16	24
5	8
9	11
27	37
16	62
34	63
28	42
26	19
9	38
1	53
0	40
16	11
0	6
12	29
10	37
31	40
35	43
5	18
11	53
31	36
30	35
28	47
29	44
45	14
9	30
42	37
43	39
1	55
2	54
44	37
39	35
29	8
2	16
28	18
30	17
23	43
33	26
17	51
28	43
11	63
11	61
21	58
18	15
8	41
38	37
26	24
13	6
23	20
36	54
40	54
34	36
37	9
26	10
1	3
41	21
32	22
37	15
36	12
45	24
47	18
39	1
40	41
2	14
32	5
46	42
13	30
33	32
38	4
20	6
18	17
28	43
35	12
47	33
39	45
30	54
28	36
8	5
23	35
9	47
6	44
23	42
38	45
28	44
34	62
32	63
5	28
8	28
23	46
21	55
3	19
5	17
45	48
47	41
26	62
11	48
33	42
24	53
17	60
8	36
8	7
11	9
32	12
33	13
7	38
12	10
46	39
21	48
27	42
38	24
35	2
44	41
5	36
16	21
16	54
43	38
15	36
43	17
35	43
43	35
37	20
6	46
31	3
31	4
12	20
23	44
41	63
44	59
9	32
32	22
7	43
1	41
43	0
41	12
47	54
38	19
18	22
11	26
16	29
38	60
43	46
29	52
7	32
20	61
13	49
31	32
31	11
9	39
16	62
12	32
12	29
5	46
1	48
41	12
25	36
44	39
45	50
30	63
40	27
35	34
17	48
7	53
38	3
33	11
0	34
25	17
26	22
5	56
44	19
33	1
30	59
30	59
41	29
8	16
25	36
47	59
38	23
37	43
40	25
27	22
46	55
13	47
12	52
40	30
14	27
25	30
28	8
32	2
32	34
4	32
27	39
23	34
5	40
32	49
42	43
42	41
2	50
15	40
46	28
42	13
33	53
29	56
22	0
23	29
29	24
33	30
35	55
19	1
7	33
15	47
2	42
1	43
31	22
28	29
32	19
46	20
7	36
13	41
22	31
43	22
14	22
17	60
25	61
8	48
21	29
16	18
38	63
36	63
40	21
40	2
10	45
29	61
2	35
12	5
36	39
37	30
32	28
26	37
11	28
7	41
7	19
7	19
15	16
29	63
26	37
23	61
8	56
19	57
22	38
19	31
21	52
12	32
7	48
1	58
2	15
0	22
17	46
19	45
29	24
31	19
28	7
29	40
25	13
40	24
13	44
10	25
6	62
6	62
8	33
0	1
30	22
30	26
16	18
23	11
26	32
21	35
39	20
18	15
41	47
13	41
41	19
41	19
2	39
34	14
8	17
32	43
30	49
37	46
26	17
4	28
10	63
44	1
41	48
46	42
25	20
24	24
12	53
21	44
2	54
8	44
42	14
17	37
22	45
27	48
41	23
2	8
37	56
13	29
40	55
47	57
31	42
38	53
18	26
20	48
34	14
11	23
16	47
29	53
26	21
40	23
25	45
1	47
24	14
34	4
29	54
31	62
24	15
16	31
39	59
28	62
6	50
5	47
23	58
19	22
21	4
18	9
22	1
28	22
14	36
26	24
15	41
19	53
9	20
3	29
0	51
23	58
35	56
41	55
35	39
19	32
20	59
9	57
39	33
37	37
16	39
44	27
22	56
8	50
37	23
3	62
18	21
8	19
44	0
40	1
46	42
17	31
23	34
25	27
6	47
13	38
11	10
16	10
20	23
44	51
28	45
11	17
27	17
27	16
36	14
39	7
11	16
8	38
27	13
41	17
3	19
23	42
34	49
11	18
16	33
45	30
16	43
38	13
41	43
27	49
2	21
11	14
0	63
47	21
21	54
22	39
23	60
37	17
11	38
17	20
35	16
18	30
5	23
11	13
29	27
37	40
5	18
38	2
4	2
5	12
47	24
47	24
22	38
23	42
1	52
10	61
22	30
36	41
9	45
18	19
37	62
23	54
20	47
31	62
2	23
2	23
36	36
14	20
6	45
31	29
8	63
41	21
32	35
32	11
10	21
22	32
5	36
9	20
46	62
42	60
4	31
2	31
28	33
38	63
8	20
10	26
5	42
10	37
39	55
38	59
13	29
9	29
39	38
45	37
27	52
26	50
12	20
19	15
39	44
24	43
6	61
2	30
1	41
15	11
36	53
37	43
8	7
0	28
7	35
0	40
43	21
31	35
42	23
9	21
44	9
15	27
38	59
46	52
14	10
15	15
43	19
41	21
32	54
15	51
26	33
27	44
37	28
10	13
41	26
25	16
15	15
29	12
41	53
9	16
33	33
40	61
26	34
29	40
22	62
18	26
32	26
14	9
41	48
30	51
15	3
13	12
11	46
3	48
14	62
36	38
24	44
39	30
18	60
6	29
9	45
5	14
18	56
29	3
6	56
7	10
16	6
13	8
7	26
36	42
17	41
9	49
24	23
28	3
40	26
38	37
33	44
12	62
37	55
6	61
23	35
32	52
47	60
12	9
14	23
18	14
17	23
28	33
11	49
0	25
9	23
2	3
40	6
35	4
44	17
23	38
29	56
28	62
8	48
32	13
9	35
32	40
25	51
32	54
2	8
4	11
15	18
22	17
13	26
6	60
25	48
43	35
36	28
13	20
26	46
7	49
18	52
17	8
44	36
25	2
0	36
4	30
23	63
22	63
43	26
13	12
32	9
17	28
25	46
31	54
1	11
1	17
18	19
13	20
20	58
26	55
27	22
28	35
40	54
37	56
3	28
10	34
18	56
4	37
15	44
47	46
42	60
25	53
18	62
32	59
37	23
24	35
42	35
6	5
1	28
6	29
18	33
26	23
15	25
1	21
47	8
10	16
24	11
3	48
45	54
45	55
27	53
32	41
38	33
36	3
39	30
22	57
43	19
46	0
20	61
18	48
19	36
29	61
44	1
42	3
12	28
33	58
37	16
36	7
2	46
20	55
25	24
25	24
30	35
15	26
29	27
47	15
28	30
44	46
11	61
8	58
43	29
44	15
12	52
11	52
38	59
40	51
26	38
18	24
11	40
12	35
2	10
7	16
9	52
32	19
14	63
7	6
19	41
17	30
35	50
32	39
22	17
41	11
37	31
24	6
1	39
44	27
25	37
30	45
12	25
10	48
14	54
35	52
26	25
30	18
41	39
20	12
5	25
9	46
4	40
35	50
27	51
4	44
15	54
39	49
13	38
16	19
47	7
2	41
11	15
15	38
10	6
27	45
47	57
29	45
22	43
43	57
3	17
36	20
17	17
16	19
17	9
29	6
0	26
13	41
33	20
22	9
11	28
12	28
14	35
23	37
11	45
13	49
31	59
34	58
39	52
21	54
19	49
38	25
10	12
6	1
35	36
38	29
26	58
23	17
2	58
6	63
10	53
15	26
34	55
5	52
11	25
12	51
7	25
27	42
34	12
29	40
15	25
15	26
6	16
2	19
29	46
43	47
3	36
23	51
28	40
29	31
24	33
8	3
5	21
0	58
34	23
22	42
31	5
15	5
25	0
19	47
20	33
14	41
33	23
29	20
24	10
14	24
4	60
1	37
13	20
13	27
19	59
39	47
36	45
44	39
21	54
21	55
42	34
35	38
11	31
10	31
30	16
35	1
36	34
8	30
8	26
1	21
14	20
22	21
26	36
37	36
22	36
20	38
36	15
20	11
44	54
46	59
41	61
43	57
25	25
43	17
10	36
19	47
5	57
10	46
9	40
0	25
23	2
19	8
31	34
36	36
33	4
22	14
24	38
9	4
40	29
17	38
26	1
14	36
39	41
41	41
9	63
11	14
18	50
32	32
2	50
9	54
42	20
37	25
27	41
45	12
15	58
22	58
12	47
32	53
39	22
40	23
13	30
0	47
46	39
22	45
45	33
38	40
5	45
41	60
45	22
36	51
9	49
8	49
15	20
8	7
28	22
26	19
33	25
35	23
23	14
28	8
11	9
17	33
29	29
21	63
35	46
18	48
11	7
0	6
1	28
1	27
20	5
16	52
0	8
8	5
44	0
6	2
29	24
35	61
39	28
21	34
1	53
1	53
43	11
37	40
5	7
7	9
7	10
3	14
5	15
6	2
43	24
15	15
26	31
22	31
34	62
14	44
45	47
5	13
27	9
27	11
35	9
36	56
36	55
39	35
43	41
43	48
3	26
17	0
47	52
13	35
28	20
37	11
27	24
14	42
18	53
6	54
11	39
46	55
29	29
46	51
16	32
14	23
25	10
20	1
20	49
31	33
43	41
37	52
27	50
23	38
38	38
44	17
16	10
35	35
45	25
28	53
47	58
31	22
38	35
26	51
29	25
32	36
10	34
11	39
14	41
18	41
5	55
39	49
13	37
29	7
42	32
44	34
36	11
44	6
21	24
23	6
36	53
2	54
31	19
24	15
23	15
36	10
13	28
2	40
39	52
34	42
18	40
12	51
14	59
11	55
17	33
17	35
5	16
23	50
20	17
15	11
14	52
44	31
38	33
25	32
19	1
19	2
0	23
31	10
24	9
24	17
33	43
29	46
45	43
47	5
2	54
8	63
36	9
37	62
32	43
17	41
44	19
15	5
46	30
21	5
47	53
37	43
12	49
7	46
21	4
20	29
27	37
26	40
12	13
22	18
22	30
32	50
8	48
2	33
17	63
37	56
34	61
40	60
39	48
7	21
14	62
30	62
12	10
6	15
9	36
9	42
31	36
38	36
30	2
34	10
46	12
24	38
1	14
37	19
33	28
27	24
23	4
9	26
3	6
8	2
40	11
6	5
17	19
42	59
24	52
21	7
15	27
41	39
25	18
20	53
46	37
41	38
38	46
13	10
19	42
6	33
23	22
3	17
11	23
19	25
15	11
20	3
24	3
38	13
2	47
6	58
24	56
27	56
43	57
40	54
23	25
40	33
47	16
38	21
23	52
8	54
27	47
12	1
19	58
7	61
40	33
35	28
0	47
33	28
13	34
22	44
18	48
38	41
22	35
23	30
35	16
31	16
29	57
18	14
31	23
17	51
34	52
14	60
35	47
18	42
40	3
12	5
17	13
27	58
2	12
43	61
6	60
10	31
44	36
39	51
22	45
25	48
29	42
36	54
26	62
28	63
42	4
15	27
18	8
40	31
31	40
32	42
11	17
7	20
9	28
25	37
6	36
19	15
19	1
37	52
21	17
21	21
35	17
35	1
27	52
38	24
41	30
17	33
5	28
5	28
24	3
27	4
7	21
18	56
30	54
26	58
15	61
16	20
42	22
36	1
17	22
30	15
21	44
21	44
45	55
32	19
3	55
5	45
41	3
32	3
26	16
19	13
36	31
2	44
14	46
11	57
23	10
29	29
25	60
24	63
5	62
10	49
39	6
17	13
40	21
47	41
10	29
16	49
27	63
23	60
30	47
24	21
18	31
9	16
39	26
29	52
42	15
39	13
5	4
15	27
14	6
2	19
0	7
16	42
13	3
20	4
38	23
35	23
13	16
0	12
18	35
14	17
16	32
35	40
17	40
21	49
19	53
45	62
42	46
3	60
45	2
16	23
5	48
13	50
8	19
7	18
46	23
34	44
34	50
40	30
9	56
23	54
14	22
19	9
47	45
43	34
9	26
39	11
13	17
13	27
4	62
5	36
19	45
23	46
27	55
33	54
36	23
30	38
18	61
9	34
16	23
14	63
25	48
17	56
43	33
44	12
45	62
39	50
17	62
28	54
4	32
7	39
27	8
6	55
11	36
30	50
20	30
20	30
22	21
26	30
6	47
36	60
29	28
25	30
10	53
36	11
7	46
20	9
36	34
10	48
26	16
41	31
14	34
42	12
11	5
20	37
42	19
35	30
43	22
41	24
8	61
21	28
44	26
12	39
2	38
45	6
20	8
32	46
0	12
7	21
14	30
33	9
40	50
38	44
21	2
21	1
3	24
47	12
46	22
27	19
0	26
31	55
3	30
6	63
40	29
45	54
3	12
3	6
1	32
17	21
30	28
13	41
31	29
41	8
42	43
43	40
23	18
32	22
22	34
17	30
9	56
13	61
6	8
24	13
43	30
12	31
18	42
16	43
13	2
11	63
10	56
23	4
2	18
3	27
43	1
44	1
8	0
28	16
44	17
34	31
43	11
2	52
39	18
25	39
34	38
39	37
26	55
31	39
44	35
27	55
38	24
23	59
5	46
8	37
17	56
25	7
15	42
25	35
30	22
41	62
7	28
7	29
33	17
38	57
24	45
22	51
6	49
14	31
6	32
16	15
0	0
12	58
20	36
17	38
17	3
19	3
2	63
20	47
26	8
2	17
19	56
19	53
37	11
45	54
36	14
31	63
39	7
16	5
8	62
22	12
25	38
12	40
14	41
15	29
2	41
44	37
4	50
13	36
1	23
4	25
43	12
46	3
45	25
38	59
4	39
11	49
24	6
45	17
16	49
18	5
36	36
32	15
17	60
21	23
18	25
36	12
22	10
18	14
33	12
45	56
27	46
30	48
7	42
10	41
1	47
3	43
12	42
20	58
47	38
35	36
20	24
26	20
22	9
43	18
39	21
20	17
0	53
11	45
7	9
11	26
9	55
8	52
41	53
17	42
9	8
1	7
15	47
16	0
27	14
24	14
35	2
12	6
1	29
2	25
29	14
43	5
44	38
40	37
34	25
26	41
10	10
41	40
24	38
35	40
14	14
12	17
6	27
5	9
9	34
13	41
15	8
2	26
13	52
20	57
17	55
38	63
40	9
3	1
10	12
16	33
19	62
18	59
39	16
17	58
27	54
20	24
9	53
15	32
43	50
8	10
33	16
38	30
43	26
2	15
27	4
36	10
24	28
41	47
12	15
43	29
26	2
46	6
14	39
6	29
6	33
12	24
21	10
20	13
43	15
26	33
7	0
3	0
24	54
25	47
17	42
1	38
27	55
19	55
19	9
24	13
24	9
35	38
0	37
34	24
9	41
2	43
32	34
40	37
46	50
31	57
22	28
19	25
29	31
30	34
14	7
22	1
31	25
3	6
7	45
27	22
41	27
19	16
22	48
44	54
18	42
34	8
35	41
44	59
10	58
1	48
16	46
23	28
21	36
6	45
38	53
22	60
14	29
13	30
34	20
47	33
29	16
42	14
45	27
18	19
39	16
23	33
9	37
12	50
29	20
38	9
33	33
33	41
29	15
23	18
35	9
41	8
43	56
23	51
33	21
38	4
42	55
35	48
32	63
22	57
25	53
32	30
7	12
29	34
28	13
20	7
42	33
17	24
22	41
29	33
38	36
42	30
29	61
26	29
30	37
3	61
24	61
30	56
7	35
10	36
9	3
21	24
5	49
12	52
22	59
3	63
20	4
32	57
17	34
1	50
1	46
1	47
29	25
42	1
37	37
43	32
9	35
6	61
44	7
34	27
1	39
26	11
4	58
38	63
21	59
11	13
10	42
26	14
6	35
37	44
13	48
5	0
44	48
18	56
41	37
38	25
34	60
32	47
45	26
26	4
0	36
13	9
19	27
15	30
5	8
21	28
29	32
5	37
0	10
6	45
43	41
40	39
47	59
3	14
40	34
24	8
9	25
29	43
18	52
7	45
2	34
5	18
32	6
22	0
10	30
20	26
31	18
7	14
9	29
34	31
12	28
18	43
11	13
37	28
36	41
37	35
16	19
18	16
27	56
36	53
14	42
25	32
16	54
43	11
10	30
22	44
22	30
27	26
4	8
5	3
16	44
16	41
47	2
43	3
34	29
41	9
26	44
28	42
45	50
33	41
37	31
37	57
23	25
23	20
4	6
22	3
7	51
7	48
1	35
21	27
24	35
7	52
3	10
12	42
18	0
8	18
11	43
34	42
5	6
10	13
17	45
29	6
29	62
14	33
5	43
4	41
47	5
47	6
36	18
37	8
15	41
47	33
42	26
47	35
31	57
36	47
2	41
1	31
0	38
6	23
7	35
25	16
21	31
10	44
24	62
24	61
15	50
24	17
16	47
15	50
23	32
20	26
32	16
24	22
11	1
10	56
30	14
20	2
20	53
41	39
34	29
37	14
18	33
3	34
46	53
38	61
24	48
34	23
4	38
27	6
16	16
16	16
24	33
8	24
25	46
28	27
15	54
20	59
42	34
46	31
31	35
20	28
38	42
39	58
39	42
45	40
28	23
36	22
17	50
31	56
38	32
18	29
32	46
22	22
6	13
23	54
41	32
19	34
12	25
43	19
45	27
21	26
40	36
46	9
43	59
47	27
5	12
21	25
23	20
34	25
22	13
24	3
27	21
30	15
7	26
4	15
26	30
40	42
14	13
8	13
36	16
41	38
26	45
23	36
36	43
43	42
17	44
39	30
14	62
13	61
12	22
28	15
11	23
2	39
19	30
38	46
33	43
4	21
0	43
1	45
2	7
35	29
22	39
35	18
14	42
7	46
12	18
40	1
26	37
30	37
40	18
40	18
8	42
6	54
33	13
4	29
20	47
7	13
24	58
28	54
38	11
32	15
47	18
7	13
22	39
5	61
44	27
22	24
34	46
2	36
18	9
18	10
9	9
9	9
16	53
15	61
12	43
21	35
37	9
44	27
23	63
15	40
9	38
22	26
14	17
30	23
16	9
31	9
20	46
10	34
35	30
35	30
19	58
19	62
31	47
2	14
34	48
46	25
38	21
32	14
30	19
27	16
27	37
20	18
8	2
2	42
43	12
6	32
37	54
24	18
16	26
4	21
43	16
26	7
11	55
11	24
20	17
21	17
4	5
15	5
12	59
34	47
1	60
40	10
23	49
3	5
30	18
27	25
37	62
27	54
32	11
29	8
38	27
25	13
26	35
33	16
13	15
26	57
46	27
5	51
39	38
33	57
17	32
18	33
5	22
38	62
0	63
31	59
38	31
13	53
7	60
12	55
39	53
39	52
37	12
33	17
16	16
12	22
8	40
16	47
37	14
29	15
37	22
2	37
39	56
6	41
42	55
42	54
46	5
33	7
16	2
10	10
11	57
17	13
2	38
12	42
20	23
43	57
40	20
24	18
25	12
39	18
44	13
21	22
35	14
43	57
23	10
31	55
20	3
46	26
5	49
7	34
26	28
34	27
47	61
36	45
45	39
39	60
31	1
10	16
10	51
18	31
30	37
29	42
47	19
15	12
30	56
19	52
38	4
9	12
24	14
23	52
11	19
31	28
42	8
23	12
42	46
30	43
17	58
33	50
9	12
35	5
31	57
32	52
23	8
10	5
18	5
25	0
15	22
47	10
28	41
26	43
45	9
38	11
43	12
40	9
10	39
29	33
19	24
15	21
24	42
18	47
15	30
10	56
11	36
12	35
42	63
35	27
7	45
33	31
10	22
13	34
14	14
28	4
11	51
12	20
36	20
34	37
14	13
7	3
8	28
29	22
45	52
22	39
40	62
40	63
45	32
1	20
6	46
6	26
33	12
26	59
39	56
40	44
19	44
32	48
43	60
33	28
13	36
23	21
26	32
21	11
30	14
30	13
8	43
8	39
20	0
1	23
21	53
21	52
36	56
42	54
42	34
21	63
34	44
32	50
41	1
32	21
20	45
39	39
8	45
18	57
35	45
43	37
24	60
38	33
33	33
12	49
12	38
16	37
34	2
5	53
9	43
17	44
7	16
19	18
27	42
47	35
40	1
35	0
31	57
40	22
7	23
4	57
46	63
7	54
0	15
0	10
0	61
39	55
40	5
37	22
1	43
10	45
11	13
15	3
19	30
29	23
11	1
11	2
16	61
28	59
13	59
10	62
45	29
47	30
44	43
38	52
7	3
26	18
35	2
30	2
7	35
6	31
26	28
25	29
8	8
7	12
6	23
8	24
7	43
7	43
10	39
44	16
44	34
29	41
22	43
8	31
13	41
9	13
45	8
38	7
16	45
12	22
17	29
27	36
5	19
13	29
43	1
43	1
12	28
8	4
40	21
29	27
44	55
41	11
6	55
4	39
45	19
24	22
11	38
4	22
13	14
0	6
33	51
39	22
35	28
37	30
47	38
24	52
26	44
25	42
42	33
7	14
33	25
31	35
29	4
6	30
28	22
29	2
19	4
11	0
16	37
12	6
30	15
30	10
24	4
39	3
20	23
1	22
47	13
6	17
18	33
26	10
35	24
1	14
47	12
42	10
8	43
19	59
32	21
32	22
2	7
10	10
12	42
4	40
27	18
8	9
25	36
29	33
17	27
0	44
7	49
6	56
5	11
4	12
21	33
10	46
1	58
26	12
36	32
13	42
9	13
2	16
21	58
20	59
23	29
4	4
35	52
23	59
34	41
0	10
40	63
2	51
34	39
25	62
7	43
30	38
42	15
34	10
33	55
16	5
16	17
11	15
12	14
38	20
29	6
10	35
31	49
29	33
31	32
38	32
16	1
26	51
22	62
43	0
40	4
39	57
7	10
24	46
28	41
24	24
23	55
26	59
40	36
40	13
39	36
29	24
45	12
39	0
17	51
29	48
20	54
25	40
23	61
33	52
46	41
31	53
46	31
3	9
23	7
16	24
9	3
30	54
5	42
22	31
35	28
20	4
20	38
22	17
35	3
42	34
27	40
11	38
10	31
18	37
15	48
10	20
39	61
34	62
36	35
29	47
10	27
15	47
23	30
19	29
40	23
32	8
15	41
26	39
26	6
37	17
45	4
40	11
27	24
27	32
38	38
47	18
17	26
4	32
8	47
28	23
13	48
25	8
29	20
6	34
40	49
42	41
47	8
38	0
16	61
22	55
39	12
38	21
44	28
45	31
15	15
3	19
27	30
5	40
9	63
21	45
38	7
45	53
31	0
24	22
32	60
29	41
41	28
11	7
43	62
42	60
31	46
24	31
11	34
9	4
21	40
21	22
19	41
17	16
32	60
35	40
18	7
19	7
22	0
11	15
15	8
32	34
37	28
38	60
41	63
14	11
1	43
5	47
7	9
32	14
16	22
16	22
5	13
9	8
30	51
21	39
31	10
45	9
15	53
26	8
12	51
18	50
18	52
19	59
26	43
43	42
41	38
31	24
17	7
12	47
46	33
40	29
31	38
5	43
44	16
36	5
33	6
44	5
36	10
30	2
7	45
38	36
11	27
37	0
37	23
44	10
25	47
37	53
16	39
42	35
47	34
39	42
42	8
1	24
7	51
1	42
34	35
3	43
44	34
44	31
44	35
47	45
41	18
12	6
26	29
31	31
9	23
20	26
32	55
42	41
5	4
4	7
46	16
30	12
29	10
37	26
26	5
37	25
19	35
27	59
0	19
12	16
11	12
25	16
37	21
41	47
0	61
33	27
20	57
10	59
17	48
8	52
38	44
15	0
9	28
44	15
23	0
27	49
29	31
40	52
36	43
31	39
28	58
21	53
34	16
32	15
44	14
38	17
34	57
13	54
21	1
31	30
47	39
45	37
21	11
33	38
29	53
30	51
10	54
27	13
23	55
8	10
33	24
10	13
13	14
36	13
37	4
37	7
12	12
28	26
25	48
35	51
38	8
41	3
36	38
37	37
45	39
41	14
7	62
5	57
3	40
7	59
36	20
34	25
12	49
17	32
27	49
39	50
15	2
30	10
12	33
16	28
32	36
30	41
10	34
43	17
32	61
30	57
29	24
21	18
25	63
26	60
37	27
41	26
30	55
11	34
39	22
24	38
24	17
24	20
13	59
1	39
22	55
23	54
28	29
37	21
23	42
33	52
5	10
42	6
8	10
9	15
36	8
19	1
0	27
24	48
0	54
15	22
14	41
16	34
25	14
29	57
30	62
29	61
29	39
12	38
1	25
36	15
39	3
37	34
17	9
5	3
25	30
22	0
12	23
25	40
3	12
29	60
15	39
10	33
24	55
10	36
16	44
11	42
35	22
24	39
28	40
45	40
18	35
9	40
40	51
28	61
34	21
29	24
28	51
46	18
8	42
9	62
34	37
29	44
25	18
17	29
18	1
20	3
36	14
47	31
21	32
42	41
23	45
22	44
17	37
11	53
37	32
2	18
0	19
2	16
27	60
25	60
31	18
41	13
3	17
40	1
36	12
17	34
43	19
39	15
14	50
15	50
8	26
9	0
46	48
31	23
1	4
5	1
11	47
10	49
32	23
28	3
47	56
29	31
40	20
30	36
16	48
32	30
20	51
33	42
10	33
20	38
33	61
41	31
45	16
23	29
17	54
24	41
15	62
40	42
26	31
23	38
3	32
0	49
38	26
44	10
39	4
17	24
3	43
1	40
5	43
2	44
6	36
42	11
22	30
46	51
27	16
23	35
42	14
43	10
37	30
47	22
19	10
30	32
47	60
17	17
21	17
27	5
42	33
22	30
28	11
11	55
4	30
3	49
13	25
27	30
42	53
7	59
8	23
46	9
28	35
16	29
9	18
7	6
6	19
4	14
18	42
24	38
10	9
7	5
31	17
26	58
0	21
45	30
15	30
45	15
47	41
41	46
10	18
30	12
18	57
8	44
15	32
2	10
40	51
38	36
20	11
12	44
26	20
22	25
7	12
21	7
1	14
7	43
35	6
29	3
44	37
41	18
4	28
4	28
43	19
35	22
19	18
23	16
37	53
33	48
14	16
14	16
27	10
27	10
15	7
15	7
23	10
28	41
39	24
40	22
8	11
40	1
43	51
37	57
46	52
39	30
45	55
15	28
39	33
36	35
40	33
35	24
28	13
25	16
26	27
13	21
14	37
13	37
27	9
43	30
41	29
41	29
19	43
37	19
19	32
0	53
36	26
4	2
25	3
40	52
7	45
6	47
34	26
15	50
24	31
23	32
16	2
41	35
24	6
10	17
14	32
17	35
38	14
42	17
20	28
35	16
43	36
43	36
16	2
16	2
23	23
10	35
21	48
20	45
0	33
43	20
1	42
28	3
22	31
20	24
24	18
8	11
43	24
36	47
33	38
26	32
38	61
7	55
20	39
45	12
24	1
20	13
25	42
4	27
3	10
36	0
3	43
13	47
21	1
27	14
16	48
24	35
23	47
23	10
5	59
13	3
32	59
33	60
33	56
6	53
42	4
27	8
29	23
2	47
28	26
23	39
15	1
23	16
5	16
15	7
12	17
3	42
17	63
21	41
37	61
6	55
7	6
34	38
27	45
31	44
41	30
28	60
16	38
7	32
6	34
24	23
19	21
23	24
32	63
40	54
40	59
43	60
17	44
22	17
25	49
14	51
30	30
23	15
22	30
42	58
35	27
37	27
23	6
16	4
39	35
46	35
0	17
7	39
36	58
36	26
16	9
5	25
44	15
38	23
34	15
41	32
41	14
15	2
8	3
3	12
14	43
37	63
2	38
29	59
36	26
21	41
32	35
29	11
0	6
31	14
13	27
47	24
26	48
19	14
41	55
34	26
11	31
32	31
34	10
22	6
43	61
6	12
9	61
7	61
16	29
45	44
10	53
47	25
20	41
13	46
5	46
9	9
44	63
29	12
4	57
13	53
4	7
2	30
42	62
19	62
45	31
17	31
10	55
8	51
44	50
42	54
44	50
45	46
22	12
22	10
47	9
23	28
18	19
30	17
38	30
21	7
0	1
27	21
10	58
18	52
30	47
41	56
44	9
21	29
11	38
21	18
31	8
6	56
42	17
31	30
35	42
31	40
27	23
4	33
12	42
9	61
39	20
21	52
34	3
26	13
17	18
38	9
32	11
30	10
22	45
25	42
12	8
15	36
30	34
45	27
7	51
7	51
16	43
23	41
8	58
40	45
21	45
25	25
42	41
25	29
13	17
23	20
37	18
26	20
41	12
47	12
0	43
40	51
42	8
14	15
32	56
45	41
45	51
46	54
30	25
4	21
15	32
7	47
14	0
14	2
27	40
10	44
21	26
40	37
14	31
19	20
22	0
21	5
1	36
7	57
43	16
30	28
44	23
38	19
38	42
35	39
28	33
44	14
3	29
3	30
14	47
6	30
46	61
23	28
42	34
42	39
28	52
22	45
42	53
8	30
22	26
19	31
25	62
36	34
23	29
36	48
13	21
9	62
32	28
33	30
45	16
45	17
24	37
31	50
41	1
26	60
13	57
12	47
9	55
33	55
3	63
21	10
10	2
10	4
36	16
3	41
41	11
16	15
18	19
18	19
28	10
26	53
37	36
38	1
17	46
42	33
14	7
21	32
0	57
45	54
12	24
11	12
30	18
13	5
24	53
30	24
8	41
29	36
14	4
19	14
21	45
15	43
8	5
12	0
45	50
33	20
3	13
14	9
33	50
34	54
40	10
43	62
28	17
47	16
11	38
38	16
4	42
15	46
6	36
9	34
26	18
15	11
43	27
41	19
35	31
21	58
24	1
37	25
15	35
16	37
35	38
39	16
15	61
19	39
7	26
11	58
30	24
10	62
23	12
29	1
15	42
18	25
4	48
22	10
39	17
37	13
7	20
9	22
12	24
15	4
37	18
10	56
17	29
23	43
13	57
30	50
3	20
3	26
16	54
1	38
5	21
5	34
21	21
18	11
2	37
31	51
47	10
47	13
37	7
31	2
19	4
6	19
22	17
20	11
26	51
24	52
45	19
25	22
9	36
26	31
8	44
40	38
17	20
34	34
15	30
26	9
29	54
5	61
42	28
17	42
44	14
14	36
15	47
14	47
21	23
9	31
11	47
29	60
44	2
29	18
32	27
14	43
41	53
23	18
30	38
21	45
11	58
8	63
35	43
46	53
42	56
15	25
31	25
35	22
19	15
24	31
30	57
17	41
41	0
22	13
27	30
47	32
2	12
12	39
32	51
27	10
25	8
26	12
10	9
26	37
5	21
12	19
5	63
1	32
19	22
19	11
21	34
23	18
40	17
14	9
32	4
35	54
6	8
25	20
32	33
18	5
23	26
24	24
20	53
26	39
13	17
47	2
8	7
33	7
43	59
2	33
19	49
22	49
18	27
29	11
4	37
44	14
6	50
17	42
25	47
1	44
31	10
8	20
7	7
38	24
12	37
32	41
15	25
42	42
24	32
39	17
29	57
29	1
30	36
2	43
45	3
32	35
15	32
0	55
42	51
2	41
17	31
13	45
3	17
30	57
29	41
47	47
2	41
3	41
29	16
41	16
11	1
14	4
23	6
12	35
12	39
39	57
12	58
19	41
47	52
29	21
20	16
24	31
17	21
16	20
26	60
16	42
36	58
36	44
13	28
45	3
28	58
10	14
35	31
19	23
47	53
47	54
25	60
8	46
47	33
14	41
25	32
13	14
7	54
20	8
6	21
5	12
42	37
20	61
26	28
18	37
15	35
30	19
15	21
12	18
12	40
32	3
33	25
32	12
41	7
30	6
22	3
40	8
37	46
5	48
47	36
23	39
1	48
3	48
28	39
17	62
12	14
16	2
36	52
37	53
29	6
22	18
47	8
44	60
15	51
14	51
3	16
26	3
31	22
34	16
4	57
37	6
6	38
38	56
32	60
15	56
31	63
15	61
9	33
19	47
26	27
27	30
23	44
34	60
2	48
17	46
7	4
0	2
17	59
7	45
19	62
14	5
19	11
10	41
37	60
17	22
20	36
0	59
18	3
7	16
38	27
46	31
37	48
43	50
46	52
25	46
4	30
11	27
13	60
9	54
45	4
45	4
15	9
37	2
12	51
40	26
6	5
7	10
24	19
7	25
23	17
34	28
26	10
21	51
34	37
36	46
17	58
13	7
31	19
23	25
39	35
33	25
3	26
13	26
10	18
38	29
45	22
11	19
10	57
36	40
37	48
34	13
42	0
40	28
22	37
4	23
38	1
46	50
29	31
10	25
16	61
22	24
15	25
15	25
28	31
28	26
26	4
22	13
31	15
27	7
36	54
17	14
42	16
46	0
31	48
37	49
46	38
8	54
10	34
31	29
13	22
5	14
8	55
11	47
26	54
31	32
13	14
7	6
31	5
13	51
21	48
16	18
1	3
14	63
47	46
32	49
6	27
45	42
27	27
21	9
1	17
9	9
24	45
20	49
37	40
28	33
11	28
43	19
19	51
22	63
31	7
32	8
4	11
6	14
14	31
7	38
15	38
7	18
5	40
14	38
43	1
41	1
41	17
47	31
31	28
9	23
5	3
37	33
17	1
34	45
39	25
14	13
35	61
45	39
23	44
14	32
40	35
40	37
31	37
9	10
26	31
7	18
27	7
37	6
35	37
36	35
1	46
15	40
6	6
12	36
17	10
28	61
2	52
5	48
16	2
26	21
12	22
26	17
29	1
31	51
9	25
23	9
23	2
14	16
34	31
31	55
47	14
47	46
20	54
22	55
30	24
41	21
44	49
17	38
18	21
11	44
40	29
23	39
2	12
9	3
15	19
10	27
29	8
46	30
23	53
45	8
33	26
35	58
15	24
14	45
27	52
4	56
29	48
28	58
36	0
9	23
20	41
28	58
31	27
41	31
33	19
39	47
19	49
46	52
19	63
2	58
6	40
4	38
14	6
17	2
45	45
46	33
34	44
33	44
38	1
27	4
32	26
7	14
0	16
0	13
6	46
41	48
37	58
25	31
20	3
43	9
39	2
34	15
46	6
14	25
34	33
34	34
34	62
35	35
43	39
12	11
28	62
35	53
14	42
28	41
12	37
24	15
45	62
43	55
41	30
29	17
7	32
7	5
27	55
23	55
26	42
0	37
19	58
0	2
18	0
18	0
16	9
2	35
16	48
44	55
23	37
26	21
14	23
20	62
17	38
1	21
25	5
28	1
17	23
16	1
27	40
8	23
31	22
14	54
33	8
34	30
9	34
10	48
29	16
45	13
15	20
8	23
32	9
20	15
45	24
43	47
10	58
5	56
25	32
17	24
34	29
34	31
46	29
9	51
34	18
42	9
26	23
23	29
6	46
11	47
21	39
33	46
19	44
26	54
45	44
42	32
8	44
8	24
16	37
6	41
17	35
19	51
8	40
4	35
7	37
0	11
1	37
30	28
12	29
13	26
38	40
35	13
10	48
6	63
47	58
41	43
12	63
14	44
23	13
33	19
25	5
18	29
8	24
4	58
43	22
37	14
16	5
8	12
19	30
6	10
19	9
18	41
16	45
0	33
13	22
14	23
46	51
33	62
26	10
29	28
29	37
32	50
30	32
6	38
28	47
23	38
35	25
35	36
27	39
26	38
36	52
45	46
45	29
3	8
40	11
44	11
27	48
29	25
2	52
5	56
34	51
15	58
14	23
28	38
18	10
45	14
19	50
17	58
27	41
29	33
1	54
37	5
8	24
31	12
22	27
35	41
38	40
34	32
47	43
16	39
32	48
18	41
18	52
25	45
11	55
11	55
4	43
26	44
36	37
25	52
32	25
39	26
43	2
9	11
10	41
20	17
9	26
2	18
17	32
4	2
27	43
2	50
43	58
0	36
24	3
43	35
17	32
17	25
40	38
30	35
35	26
30	21
47	34
43	36
41	2
34	12
1	20
43	32
26	62
32	62
23	29
19	46
15	16
10	46
40	3
45	2
5	35
20	25
25	52
19	54
35	3
25	3
31	54
15	54
14	43
25	51
40	2
41	5
44	50
29	25
0	38
15	47
29	9
46	39
36	17
24	41
25	39
18	11
11	38
5	61
2	43
6	57
28	45
30	48
42	22
27	59
42	46
31	53
43	53
40	16
29	53
28	53
33	21
27	22
45	29
41	10
22	4
15	2
41	13
47	1
29	28
15	46
11	28
8	32
1	55
1	56
28	27
15	17
26	42
2	11
7	15
1	21
11	3
46	52
26	59
10	33
7	30
2	36
20	25
41	58
1	46
34	57
23	42
21	30
28	41
32	57
44	48
44	14
27	4
17	17
3	32
0	38
34	54
44	37
6	49
6	53
45	22
34	59
37	28
38	29
34	36
4	52
13	36
0	44
26	34
27	31
47	44
36	56
24	9
39	26
19	24
2	37
19	22
32	25
47	18
22	5
39	39
32	39
13	58
18	60
20	16
2	18
30	47
6	14
12	46
2	53
29	59
16	58
28	47
26	15
33	38
31	32
35	44
34	35
8	58
17	43
16	50
28	35
16	10
33	5
3	12
11	17
23	34
41	10
31	34
20	25
45	30
30	57
20	10
25	2
35	29
10	24
7	29
21	34
2	43
43	6
9	25
5	26
11	5
30	43
20	15
27	46
36	49
43	51
20	55
35	49
18	57
20	52
19	63
12	53
45	14
46	6
45	25
45	25
1	1
8	19
2	20
11	49
3	49
3	49
17	1
19	10
33	51
43	61
24	57
30	51
27	53
32	57
23	25
30	23
21	18
32	26
47	42
29	44
4	50
7	49
22	39
17	49
27	47
30	31
3	7
18	1
16	52
8	47
10	36
10	36
11	32
46	40
45	52
2	43
27	53
28	54
33	46
47	31
11	33
27	11
28	41
27	55
30	33
24	32
8	44
36	43
47	32
46	20
23	17
35	36
18	39
23	22
36	62
31	48
27	53
2	32
9	15
28	34
6	24
21	10
43	35
20	29
33	20
28	28
28	46
36	43
45	29
36	34
12	56
27	53
33	48
14	58
9	18
36	0
30	7
45	21
47	19
47	15
32	6
44	8
10	15
11	11
5	22
2	15
45	29
7	27
11	45
30	24
38	17
30	23
44	20
19	12
44	59
31	63
10	54
2	51
10	22
13	21
26	46
7	51
7	59
18	37
8	34
15	19
44	6
13	59
32	31
35	30
18	19
35	28
21	28
18	25
46	47
20	51
22	31
18	48
36	12
45	14
10	53
10	53
42	31
33	33
42	44
40	51
13	47
10	50
24	57
23	54
41	63
17	49
17	20
31	61
12	46
6	30
42	21
32	32
39	29
15	36
32	17
31	31
47	41
3	37
44	31
39	38
1	28
18	45
24	6
46	1
5	26
6	23
11	60
15	62
38	51
17	31
15	2
23	60
23	42
6	63
5	7
8	18
35	54
26	51
45	42
16	7
29	56
32	38
19	33
25	40
13	10
20	5
42	49
42	43
19	51
24	51
29	43
25	3
19	3
16	0
39	56
42	35
36	43
39	49
13	19
22	36
28	19
15	36
30	49
34	54
30	9
14	19
41	9
17	63
18	56
26	25
18	5
16	7
45	48
9	27
2	15
12	23
17	48
3	30
43	13
34	39
12	17
12	17
44	52
6	9
7	35
30	23
4	60
18	6
44	57
33	34
47	20
25	14
8	62
1	63
11	13
35	31
18	20
5	57
46	19
13	13
15	25
23	12
1	51
22	35
46	17
21	33
6	27
3	25
47	45
40	56
1	41
17	4
19	3
4	34
33	16
6	50
47	53
23	31
28	36
41	12
11	19
19	27
37	34
41	61
9	4
25	5
9	46
12	48
37	8
45	54
2	0
15	17
37	57
32	47
22	48
2	40
15	36
21	41
21	46
19	43
36	2
21	11
1	58
42	41
47	49
25	59
26	22
39	8
21	46
19	32
44	47
10	41
31	24
43	37
23	20
38	25
7	56
37	35
4	62
8	60
32	6
27	9
20	17
13	22
17	34
17	25
18	8
13	6
8	44
7	50
45	5
11	7
31	38
46	29
35	11
44	24
10	50
15	55
30	25
9	32
10	48
8	29
13	40
17	56
35	54
28	52
25	55
30	43
1	49
39	42
2	20
24	19
4	16
14	39
17	18
15	15
18	12
12	27
21	54
12	43
34	1
46	25
38	2
23	16
30	61
41	40
28	3
21	0
46	15
46	40
45	49
32	45
19	15
37	38
33	47
47	45
43	60
16	55
18	28
16	25
46	27
22	45
46	18
46	14
32	43
31	57
47	45
46	34
8	39
13	42
13	22
8	44
4	41
31	2
13	60
14	39
30	7
2	1
44	45
29	5
19	62
41	42
34	17
11	10
27	49
25	54
20	41
16	44
38	21
30	6
27	12
42	7
11	14
16	18
6	1
6	1
14	18
23	23
12	40
39	8
35	46
24	48
22	59
34	55
23	13
2	19
14	40
4	42
11	15
39	39
21	56
16	52
33	42
11	43
19	34
30	53
22	23
17	22
34	21
38	37
36	30
9	60
21	58
29	51
20	26
32	12
15	24
43	43
25	13
33	5
46	11
46	55
23	46
7	33
37	26
15	19
5	0
3	2
46	26
38	23
25	39
27	46
36	52
41	46
24	56
44	24
24	28
26	26
10	15
30	7
47	7
12	34
6	46
16	36
28	55
45	25
4	10
44	52
10	0
4	0
20	30
25	56
7	61
37	14
32	36
30	45
26	38
18	54
41	37
46	16
46	42
17	39
8	18
20	34
14	27
27	14
36	41
42	35
17	49
26	34
30	28
18	56
17	27
31	29
44	18
28	45
36	31
36	28
36	11
38	52
31	49
24	57
6	55
5	54
16	9
29	16
5	13
2	9
42	59
28	30
4	15
5	33
9	46
35	36
3	21
27	46
1	3
0	51
43	51
44	51
13	21
4	27
20	41
20	44
10	63
36	36
16	51
17	54
17	5
11	10
45	10
44	28
17	16
25	12
17	5
4	45
29	22
13	14
31	62
19	49
43	34
41	30
18	24
32	20
34	36
29	30
36	21
21	15
16	11
15	21
41	10
16	12
20	22
6	5
24	62
36	43
41	61
33	38
35	33
47	17
45	17
28	24
12	62
19	40
46	57
5	38
4	3
11	49
46	52
47	63
20	45
0	16
2	12
22	58
29	49
32	52
0	61
0	61
43	37
47	23
32	37
27	22
15	20
34	43
6	48
9	43
45	8
22	34
31	24
37	32
27	46
26	46
36	2
33	16
21	49
0	60
24	41
38	17
8	6
5	9
19	55
20	44
44	36
16	50
2	63
38	63
6	36
0	57
46	51
28	48
36	8
35	10
19	36
6	52
6	52
27	62
24	45
37	4
0	42
25	36
31	11
28	6
5	42
18	47
18	41
3	14
5	25
23	37
4	21
12	1
18	1
18	0
2	50
6	63
28	43
17	50
16	19
13	15
19	38
11	22
28	33
12	51
9	39
10	16
7	20
0	52
43	50
46	17
4	31
26	10
1	57
22	54
15	44
28	17
37	9
46	4
4	4
1	13
22	34
25	36
15	58
2	63
2	46
1	20
32	13
8	45
37	44
47	44
32	30
31	19
47	14
37	58
9	14
17	18
23	19
30	21
7	63
18	52
38	45
29	0
19	36
9	44
42	11
10	35
8	58
42	35
12	60
28	29
30	43
40	61
6	19
6	20
16	53
6	44
16	62
9	9
1	29
0	37
33	4
41	17
46	32
40	25
11	49
15	44
35	1
33	43
27	36
19	41
23	45
20	56
28	26
21	11
36	61
37	61
8	7
23	6
3	28
15	59
26	25
4	46
35	7
29	21
32	4
39	52
17	6
41	28
13	40
10	32
26	42
30	11
26	60
9	63
4	50
39	46
24	55
21	40
39	17
40	16
47	28
40	18
32	19
27	45
47	57
23	43
44	23
27	23
7	24
32	45
30	35
41	37
5	27
5	27
41	43
47	62
15	34
9	52
12	25
20	11
26	19
35	47
0	6
42	55
19	22
3	45
43	0
44	0
40	61
26	63
45	57
30	2
8	30
24	31
20	52
26	57
7	16
8	17
33	54
36	32
15	62
24	42
40	53
28	57
24	48
22	62
13	3
10	4
28	11
28	8
40	5
44	21
9	44
35	23
47	27
42	34
39	15
25	35
31	61
44	61
12	23
2	4
16	4
10	10
4	17
0	14
6	1
19	7
36	54
37	2
16	17
40	6
19	55
42	38
6	18
15	27
21	11
32	4
34	0
34	0
43	36
41	33
11	11
13	55
36	36
14	41
21	46
14	34
35	7
35	4
27	30
30	29
2	57
24	50
9	45
5	62
19	54
20	48
8	21
4	19
9	42
11	48
19	54
0	31
47	58
47	56
21	3
18	1
10	52
12	39
15	25
22	28
39	20
43	13
34	5
7	23
37	19
44	36
31	5
42	2
10	4
1	24
10	48
11	9
14	7
20	0
3	33
3	3
13	26
13	20
36	39
36	43
38	57
46	55
30	32
24	26
19	60
26	57
14	51
11	54
8	7
9	8
22	1
31	1
2	49
11	33
26	14
10	40
26	60
32	55
40	28
47	33
29	53
45	49
24	44
10	49
13	12
22	48
6	9
27	19
0	36
0	36
0	7
41	20
22	31
21	2
16	59
27	44
28	60
6	34
36	26
15	19
7	46
23	35
31	24
6	0
30	1
22	23
15	7
45	7
28	23
35	10
28	15
31	28
12	50
5	46
41	47
39	49
13	43
3	38
29	9
8	8
37	35
20	21
26	20
25	54
32	61
36	14
27	38
1	31
47	38
37	47
35	21
35	21
38	41
34	38
26	55
1	44
45	55
16	56
2	53
15	51
27	18
28	20
11	46
9	51
23	59
25	57
20	59
38	63
31	29
46	26
15	50
37	33
33	53
24	55
45	13
41	16
4	57
0	57
36	44
8	56
24	36
25	47
25	42
40	50
38	20
18	7
26	0
23	1
33	37
8	29
40	32
40	12
8	52
25	46
41	39
12	22
4	35
23	29
4	28
7	15
29	50
45	22
15	19
29	38
37	11
43	32
24	57
15	43
23	12
15	45
30	24
32	15
17	53
27	22
33	30
26	35
27	15
41	24
12	33
12	35
44	25
18	51
0	49
45	62
32	12
27	9
20	17
16	1
16	22
14	21
8	57
6	49
6	25
0	51
40	54
41	45
13	29
45	5
39	39
33	36
44	22
42	22
36	40
35	41
47	30
27	59
45	58
45	58
1	38
31	62
1	58
44	54
11	21
16	23
2	6
2	6
9	62
2	63
19	52
14	62
25	13
12	11
26	31
9	11
26	50
21	32
6	50
20	41
33	16
8	57
7	56
15	61
20	54
14	30
22	8
21	10
13	27
14	61
38	39
33	53
29	19
41	17
42	31
31	29
4	32
28	47
40	45
10	27
47	11
37	28
30	20
41	25
16	27
11	33
16	53
23	32
25	25
25	26
28	37
18	35
44	41
34	44
28	20
32	45
2	25
34	34
29	26
29	12
45	20
36	38
13	46
25	47
14	56
8	26
11	21
20	23
36	44
13	39
24	34
14	20
42	53
39	52
26	4
38	24
41	12
47	26
43	25
0	45
9	48
7	59
15	24
23	23
37	45
44	53
47	44
21	31
9	44
9	30
26	54
21	47
31	61
30	63
40	11
27	41
35	37
35	58
40	58
7	47
41	14
41	14
23	37
39	32
22	60
8	40
11	5
47	21
13	17
14	19
12	37
31	29
8	47
7	58
33	9
22	10
15	35
41	45
9	47
8	46
33	58
42	59
10	30
13	20
12	62
17	42
5	28
13	45
23	12
44	5
15	16
21	37
13	43
17	52
28	16
41	47
45	42
35	20
20	29
10	23
10	10
13	8
14	39
21	24
15	26
47	3
24	49
17	45
0	17
1	24
11	33
47	40
6	54
15	59
34	60
37	61
41	45
43	44
3	56
3	56
27	3
3	18
15	43
14	26
25	44
21	26
18	37
18	32
32	29
25	25
41	27
44	24
32	42
33	48
40	36
22	6
21	9
17	53
16	20
25	35
6	34
9	60
39	23
39	25
30	16
47	31
44	13
44	12
29	56
34	51
40	23
3	42
36	45
15	24
29	32
43	40
38	22
39	7
14	6
38	30
32	28
31	29
47	8
34	13
9	28
21	30
42	34
17	55
29	51
41	52
16	8
44	23
39	59
26	53
35	41
21	12
23	36
28	17
37	23
38	37
5	56
4	55
7	2
25	48
35	9
13	0
25	26
5	8
6	23
6	23
22	33
11	5
11	54
18	55
30	18
30	20
41	38
13	8
18	16
20	15
16	5
40	6
7	20
8	24
42	10
44	37
27	39
26	31
42	51
29	50
27	48
13	44
25	11
28	28
42	41
27	25
42	47
32	31
18	20
32	31
0	59
22	49
33	58
34	54
44	4
1	5
31	39
25	21
40	9
37	3
38	33
37	28
46	0
13	9
38	38
46	42
12	54
18	59
20	17
24	30
2	32
5	34
46	51
42	15
25	44
23	60
18	23
13	48
46	22
36	41
29	40
32	58
8	31
8	31
21	27
26	25
14	43
5	49
14	54
25	45
22	48
6	49
31	33
44	33
42	39
24	5
37	30
39	52
40	3
38	8
19	23
40	13
30	45
21	3
42	34
30	49
32	8
33	11
44	43
36	14
36	57
37	55
27	32
26	11
29	43
24	25
40	29
40	26
46	40
18	50
42	22
43	26
42	1
22	10
25	34
21	37
7	32
37	25
12	16
22	23
47	11
26	22
14	33
23	61
13	40
1	52
24	2
29	10
10	46
6	47
41	14
32	20
10	9
12	4
23	55
20	55
24	45
21	57
4	10
21	20
15	17
43	8
9	1
13	26
26	29
26	29
36	12
35	10
16	19
21	37
35	6
27	24
9	60
16	30
5	40
44	45
5	7
11	12
19	31
33	50
20	22
13	55
8	49
30	39
28	43
13	29
30	38
29	37
9	8
19	46
7	37
7	38
32	9
39	32
38	8
44	3
20	14
36	63
26	34
12	42
28	25
28	25
25	8
6	15
6	25
23	30
22	34
1	17
21	40
30	21
7	46
13	39
2	10
31	13
38	5
44	28
19	8
21	43
0	58
29	2
30	26
28	20
7	32
45	55
27	11
23	60
46	61
47	59
20	61
34	21
5	33
16	11
4	33
16	0
3	26
24	21
36	28
35	29
17	14
9	22
36	13
43	45
2	41
30	23
35	33
33	43
10	37
10	38
8	40
10	35
15	12
11	17
18	5
20	18
8	44
35	57
15	13
8	5
12	11
10	6
31	27
21	45
17	4
14	1
5	29
12	28
28	56
11	63
29	22
23	6
29	53
24	35
28	56
8	19
3	10
13	2
38	44
12	26
15	52
13	35
1	45
7	59
1	53
2	52
46	25
29	60
25	53
29	9
13	32
10	12
42	48
41	36
29	36
32	62
46	8
27	2
40	22
41	55
37	32
21	32
28	44
16	10
35	25
21	36
45	13
45	13
14	25
44	28
45	18
8	5
33	17
32	17
23	26
6	23
27	7
22	5
14	58
18	59
27	15
25	17
0	32
3	15
19	15
17	54
43	13
27	20
11	63
24	52
29	13
22	9
31	26
15	15
40	26
42	24
20	14
24	3
38	41
38	53
8	8
21	45
31	62
44	57
22	42
1	20
26	2
27	16
13	29
15	31
42	23
26	13
47	44
43	27
14	14
9	13
31	16
40	8
21	31
17	19
41	17
41	1
9	54
44	63
41	43
23	17
5	7
13	13
44	2
32	15
35	58
33	53
15	45
4	12
35	63
35	53
13	34
19	45
18	2
44	46
41	46
24	22
44	31
44	26
42	21
44	33
32	24
28	7
0	54
0	55
2	26
4	29
40	14
7	55
35	17
33	20
5	3
8	12
3	29
39	7
34	4
5	25
5	56
7	60
29	25
17	2
36	12
2	47
25	0
20	10
43	30
13	39
37	12
40	43
40	34
47	10
8	56
22	12
8	46
0	52
20	13
16	0
13	18
8	23
43	55
22	48
41	51
36	11
32	25
32	30
43	24
43	24
28	13
45	35
35	1
37	6
5	52
13	12
14	8
9	9
41	38
38	48
24	55
0	55
32	42
26	37
30	1
33	15
20	1
20	1
35	1
33	9
37	52
22	51
5	49
19	30
39	38
35	29
5	25
10	12
0	30
39	21
36	63
36	53
20	4
21	4
14	31
10	35
22	0
33	5
6	51
33	58
17	30
13	20
18	53
24	54
20	20
2	11
46	9
2	60
37	23
9	25
6	14
32	5
2	18
3	10
36	43
27	36
38	9
37	7
44	60
21	42
37	26
21	11
30	26
37	52
41	58
45	11
16	54
28	44
20	55
20	55
44	49
42	57
19	42
24	40
33	62
9	62
22	46
23	46
23	27
23	27
33	39
12	8
47	33
2	26
39	33
17	45
17	19
11	17
9	49
6	61
30	33
43	25
36	22
31	13
45	26
47	35
17	18
15	19
20	29
42	21
9	46
22	15
37	37
37	34
43	45
40	34
1	22
7	2
20	8
21	16
33	20
33	34
9	44
5	48
2	61
0	7
0	20
24	39
17	54
20	57
2	39
18	17
31	6
24	1
47	55
23	49
6	42
37	39
33	9
35	17
11	14
1	33
46	14
13	14
21	26
30	31
15	56
12	47
16	6
1	38
28	33
19	39
43	53
18	41
28	59
2	42
7	1
34	9
20	40
18	39
34	34
22	54
3	47
6	49
47	54
43	55
38	10
34	40
9	50
10	52
21	26
15	4
31	33
29	33
33	15
37	60
43	36
45	38
22	52
39	19
31	15
14	2
27	51
35	47
41	59
5	46
7	36
2	39
20	45
8	46
34	62
34	48
34	8
40	18
17	53
18	52
46	26
34	38
39	50
18	4
21	46
31	63
28	60
10	17
3	3
12	10
7	51
24	23
46	47
41	31
4	5
0	44
30	39
37	35
0	38
28	47
2	17
39	15
9	23
20	58
22	42
1	30
10	57
10	57
28	16
41	48
34	28
10	4
14	61
5	51
37	22
29	14
17	56
17	37
8	31
22	13
24	50
38	63
19	16
20	16
7	15
1	14
35	44
29	13
45	31
21	55
35	12
29	27
5	48
42	7
6	42
2	50
23	20
0	51
16	40
6	28
2	31
5	35
10	19
13	36
4	50
12	21
46	35
34	2
2	51
6	62
25	62
45	56
28	2
20	30
11	8
45	4
44	27
44	29
34	12
33	19
11	49
18	42
32	0
47	34
47	47
20	50
12	57
33	25
36	43
35	43
17	52
30	26
13	0
10	5
20	17
10	15
7	4
3	11
15	51
6	41
29	29
44	23
33	46
15	47
18	34
33	18
15	15
5	44
8	13
21	17
15	28
15	13
18	46
14	43
17	16
21	0
8	15
4	19
19	31
21	14
22	1
21	15
33	39
36	37
26	28
32	46
47	53
40	49
9	37
17	62
18	46
22	38
42	39
45	42
5	34
25	45
8	60
24	62
7	44
1	39
25	46
26	46
17	12
42	48
14	33
19	0
38	38
31	5
0	37
0	37
45	4
0	3
43	46
38	45
21	19
18	24
23	13
16	3
40	49
23	63
11	35
15	60
28	51
10	51
12	11
3	28
45	28
17	46
2	15
14	43
5	12
4	13
34	38
9	17
31	36
44	31
33	38
15	54
34	30
45	25
33	51
32	26
47	5
22	6
29	51
37	45
2	23
15	43
15	41
5	31
36	38
30	34
36	38
36	55
25	50
25	51
37	17
44	18
19	25
28	26
39	59
37	61
30	50
47	0
46	43
38	47
3	20
17	29
40	52
33	62
28	34
31	56
40	57
40	57
29	55
33	49
10	62
18	46
12	46
16	4
34	5
33	22
35	42
43	61
45	20
23	14
38	19
46	23
32	58
46	56
8	20
21	42
22	6
16	59
23	62
3	44
35	35
47	1
11	33
24	29
20	26
28	17
14	29
15	27
18	25
31	17
38	15
23	4
18	56
34	62
3	24
12	10
21	18
7	29
7	18
13	10
46	27
1	9
39	62
7	20
20	48
40	26
33	1
36	1
10	37
18	29
1	1
44	3
26	8
32	38
26	35
13	53
30	26
35	33
30	45
23	36
13	6
18	0
16	14
24	11
1	14
28	46
1	32
18	12
6	38
14	47
36	37
39	54
29	59
29	45
9	46
25	52
8	56
9	56
31	50
30	5
16	12
23	15
9	13
1	8
3	12
4	12
15	27
36	55
36	34
41	35
7	28
28	32
9	54
7	54
28	26
28	26
18	41
18	47
30	51
23	53
26	36
45	40
11	45
31	37
40	29
37	28
37	15
17	31
42	21
42	23
15	26
21	39
42	54
38	51
8	5
40	13
9	19
4	28
19	42
35	0
3	20
11	25
33	4
10	12
29	12
29	6
23	3
46	4
30	44
39	61
40	30
40	28
40	18
41	29
42	19
0	54
36	28
33	24
26	38
20	17
43	3
28	23
20	22
22	20
4	11
7	8
44	7
36	53
27	18
37	19
35	20
32	38
19	44
33	19
13	19
32	15
44	17
45	26
34	39
30	59
26	36
1	28
22	52
34	45
34	37
37	37
19	48
20	46
9	42
39	30
20	38
20	39
14	49
7	56
42	21
30	11
16	23
11	39
36	42
44	0
29	25
36	59
22	57
31	31
36	7
47	14
45	10
17	2
9	40
35	48
41	0
45	3
20	38
44	30
36	45
30	24
37	44
27	38
29	5
7	59
5	60
17	56
7	63
45	9
14	27
2	5
43	42
11	52
43	32
45	37
40	40
36	59
6	53
29	11
22	19
22	19
18	59
40	35
28	27
21	1
8	17
30	7
37	25
31	39
32	14
11	10
20	33
11	30
3	25
14	41
27	10
26	23
32	41
35	19
16	23
43	34
23	42
2	44
36	11
27	24
23	11
20	16
23	47
23	43
15	48
10	57
23	56
21	52
18	16
33	21
27	2
42	11
42	50
25	29
28	59
15	12
27	19
45	50
24	14
30	5
43	17
46	17
42	31
28	38
37	44
36	42
19	5
15	27
18	60
4	50
0	0
3	45
18	29
7	13
11	24
43	37
33	29
6	20
16	38
18	36
40	5
5	40
15	32
28	31
9	27
7	19
10	54
26	40
29	7
26	11
33	61
26	61
2	38
16	23
23	1
29	27
40	55
37	49
35	58
27	45
43	49
25	22
7	17
10	47
35	48
25	52
23	11
12	17
4	49
13	32
36	60
13	41
33	52
20	33
16	38
7	15
15	19
0	18
41	3
42	2
43	41
18	62
24	62
34	16
35	21
37	34
20	4
21	7
5	18
36	27
35	52
19	50
6	49
6	46
5	24
26	1
43	44
27	51
9	46
6	29
18	36
8	43
10	49
16	47
38	21
41	36
32	10
21	2
1	41
1	45
24	46
24	46
8	10
7	7
40	28
37	14
29	9
25	16
11	43
9	46
28	3
36	9
27	48
28	47
42	15
43	14
4	26
19	24
30	63
31	20
26	23
25	11
26	44
29	31
29	33
7	42
42	4
44	16
33	49
46	40
45	27
35	39
30	62
28	57
21	40
34	5
27	13
23	47
11	44
26	34
8	15
10	14
36	0
3	20
13	54
29	45
30	2
42	14
28	62
5	60
12	35
47	53
39	34
0	45
0	38
6	33
42	21
46	16
42	30
23	14
22	43
9	37
39	40
24	1
47	15
42	13
21	28
17	38
13	19
40	28
24	39
29	63
23	38
12	45
16	40
43	9
32	55
44	37
19	17
16	9
16	51
37	54
35	53
31	53
17	20
24	31
11	21
13	18
17	23
22	3
0	13
9	28
35	17
21	29
23	12
47	19
19	11
17	30
13	30
19	14
6	25
4	41
8	39
32	19
36	60
22	47
20	53
34	45
32	63
26	55
19	32
8	13
35	20
34	16
12	52
18	59
38	35
41	44
42	48
38	50
15	63
14	63
8	1
37	6
22	20
34	51
24	29
30	42
40	31
42	34
43	52
27	49
27	29
14	19
21	49
27	62
14	49
9	58
33	50
35	45
21	51
9	52
16	26
21	55
14	52
25	42
27	30
44	24
12	50
25	11
37	11
30	6
19	45
24	58
20	16
35	34
13	3
15	2
20	27
47	55
22	49
25	48
25	49
30	47
40	39
41	48
7	52
28	59
40	18
24	41
27	36
17	49
41	2
18	41
10	42
9	46
19	13
13	58
27	59
38	51
22	56
12	42
21	42
23	38
28	3
41	26
20	30
23	25
34	23
34	50
11	11
44	0
29	35
41	30
41	61
9	2
38	4
13	36
33	1
2	36
13	3
17	27
13	32
31	28
27	51
38	13
14	16
7	30
43	34
33	48
12	43
13	38
43	55
39	59
42	14
42	3
8	30
5	30
46	27
26	46
12	56
14	42
22	53
35	43
30	17
21	29
17	11
21	18
17	33
10	33
9	48
27	58
29	31
13	23
9	30
12	49
22	27
42	12
39	42
32	58
39	13
43	18
11	44
9	9
38	62
45	62
18	54
5	0
43	53
26	34
25	26
18	35
17	30
3	42
9	37
2	39
34	2
37	11
20	19
19	13
19	40
19	42
4	8
7	24
33	34
16	23
28	61
13	28
26	35
35	40
32	36
21	36
32	57
28	50
4	59
11	57
9	6
39	48
16	1
9	24
20	6
36	19
21	9
13	45
7	4
1	38
9	43
7	57
29	24
33	12
45	32
19	34
30	12
21	20
3	27
7	3
38	17
14	16
22	32
21	39
30	30
30	17
2	26
9	15
20	50
12	14
39	7
42	16
33	12
39	9
9	20
15	21
4	52
44	44
9	16
7	15
32	44
5	35
12	46
2	37
27	31
46	6
33	28
23	23
25	40
8	49
16	0
40	50
42	37
34	41
28	53
46	47
39	39
32	35
23	22
17	26
5	41
47	31
46	9
14	10
28	27
21	34
13	63
10	55
24	54
46	23
6	41
35	37
38	18
7	10
3	28
18	28
43	43
41	48
14	49
13	48
10	25
4	35
11	23
19	63
28	37
3	26
40	51
42	7
37	43
42	23
2	23
26	8
16	20
15	23
13	35
7	52
33	43
19	24
17	18
15	21
42	55
41	48
35	63
34	59
27	11
22	1
30	56
27	20
43	42
41	42
33	21
37	11
41	3
41	14
38	27
36	28
28	26
39	15
40	30
38	31
14	24
13	32
27	18
30	46
20	18
10	47
14	18
17	29
28	44
18	10
33	10
17	31
33	36
13	26
37	20
41	23
11	18
5	9
42	0
42	21
41	50
8	46
26	40
16	60
12	48
27	43
13	6
18	8
37	57
44	33
1	3
0	3
44	4
1	30
29	50
1	35
26	20
25	51
25	26
14	32
20	36
31	54
30	42
25	42
35	54
43	46
41	57
9	29
15	21
7	18
44	6
44	61
3	32
4	32
12	5
13	36
28	19
40	8
7	21
3	28
11	36
33	13
37	1
38	27
20	29
16	38
35	50
35	50
14	8
13	7
31	23
33	23
40	27
24	22
2	10
31	15
4	50
10	25
19	25
0	50
38	18
43	41
29	4
2	23
16	29
13	45
18	57
11	43
18	48
23	59
47	20
47	23
25	10
24	10
24	44
22	46
36	42
31	37
2	25
27	51
19	27
20	23
39	6
10	5
5	40
18	44
27	28
40	19
0	20
46	27
5	45
12	54
24	46
31	41
3	33
39	31
28	47
25	46
43	17
45	27
18	7
12	25
25	41
32	42
24	44
39	7
32	52
4	45
5	23
14	21
2	62
2	58
39	22
17	11
27	28
25	27
4	58
27	48
21	63
10	54
3	50
7	44
28	59
45	13
34	23
25	16
44	21
34	27
20	22
0	31
7	14
6	24
2	34
4	12
17	10
21	12
0	56
2	45
19	20
26	59
26	18
26	44
3	5
19	44
37	19
32	14
17	21
36	10
33	61
29	63
16	34
13	28
23	41
14	51
19	28
32	56
2	33
2	44
43	38
38	55
44	9
34	27
7	26
2	20
34	37
26	23
22	34
1	54
9	48
19	46
10	46
18	38
15	11
7	18
15	29
24	36
7	25
4	10
8	7
0	11
44	15
28	51
24	7
15	13
21	57
29	48
7	23
5	19
26	56
36	12
0	46
34	24
33	20
25	18
22	0
12	41
22	34
44	60
0	33
23	31
20	31
0	8
39	1
37	1
28	7
24	18
15	16
8	29
42	30
18	22
28	17
4	35
18	7
14	29
15	36
28	27
44	59
28	63
18	58
7	48
0	44
6	46
24	56
24	52
2	40
25	56
9	31
35	63
31	43
36	41
15	29
13	55
1	13
13	18
30	35
8	33
5	40
3	39
8	0
4	46
12	25
6	25
19	36
8	29
31	29
4	43
25	33
3	0
20	29
21	58
13	3
16	0
2	60
32	47
9	17
18	49
0	20
10	16
26	61
8	1
39	42
27	22
22	60
9	9
22	39
25	55
8	46
37	58
26	1
17	4
23	29
33	26
45	49
36	46
11	50
37	21
20	52
25	54
39	59
4	56
22	48
7	42
21	43
11	45
15	42
29	61
9	54
42	18
29	3
28	8
16	11
6	62
17	9
3	9
46	58
22	62
5	15
28	14
24	10
37	14
43	46
32	51
38	47
13	0
25	11
13	11
29	54
0	50
34	24
40	24
8	40
35	30
36	7
3	27
19	34
11	8
21	22
21	16
20	33
40	60
32	35
37	35
14	30
16	50
32	44
36	41
21	55
0	34
11	49
8	56
41	8
6	15
47	7
42	21
45	24
13	28
11	50
11	50
8	11
42	1
41	16
38	14
27	37
40	9
26	13
12	48
13	22
33	53
26	38
27	58
46	49
46	49
33	21
22	13
41	35
47	27
30	16
33	30
10	22
44	14
7	54
25	60
21	6
47	8
25	15
40	61
20	57
29	0
6	22
15	0
37	33
9	22
20	12
40	42
27	44
26	48
10	61
7	54
8	12
4	15
4	25
18	42
35	41
39	36
38	43
46	21
24	33
10	36
46	54
11	24
10	58
11	60
24	52
44	22
33	44
32	43
29	62
31	12
14	31
10	52
30	32
41	35
21	32
32	57
26	48
14	27
13	18
13	19
1	15
10	33
34	46
30	29
25	41
35	48
47	8
5	53
43	41
38	47
46	39
7	6
20	28
10	44
35	20
44	8
41	29
42	35
3	13
32	45
5	45
47	52
46	60
45	63
31	18
22	13
18	44
21	52
36	54
18	50
14	35
20	27
41	25
25	32
4	42
1	36
24	10
45	7
44	28
45	27
15	23
25	50
19	31
43	42
46	10
24	40
32	51
24	50
11	24
18	37
40	41
36	13
20	38
33	6
46	12
33	12
13	31
34	21
31	40
21	58
2	46
35	58
8	50
1	56
9	18
12	18
6	3
4	57
4	52
5	54
10	58
41	32
19	50
19	50
25	26
19	14
42	0
6	10
24	2
23	0
19	55
35	61
38	27
19	18
24	45
22	46
34	47
17	36
13	47
17	20
32	38
33	44
2	45
4	42
12	2
17	48
3	5
3	19
41	57
43	57
27	45
35	4
41	55
17	40
45	58
25	44
21	0
47	0
29	35
16	40
2	21
28	24
14	12
41	23
27	51
43	2
32	1
28	0
17	52
40	48
14	0
6	4
20	43
3	49
35	39
25	41
17	4
36	46
42	25
26	33
44	57
40	6
23	49
47	34
45	40
14	37
12	39
14	50
28	7
35	10
34	13
35	10
6	14
14	45
22	52
28	52
41	31
43	32
39	28
46	48
16	14
12	14
32	55
39	54
30	12
27	17
34	10
13	19
41	47
24	39
5	26
5	26
20	30
21	24
38	10
30	13
21	9
30	22
36	22
43	38
41	24
14	10
5	26
3	26
23	11
17	25
27	58
25	34
38	47
3	49
31	16
30	3
35	39
32	36
44	26
28	18
14	48
3	47
35	43
13	63
14	33
14	33
0	1
2	0
4	50
23	38
38	49
35	59
25	17
0	12
21	29
31	10
23	35
18	34
10	23
10	23
32	27
19	44
25	13
20	28
45	37
43	37
3	35
3	38
27	33
29	35
31	27
36	61
29	29
18	24
32	11
9	48
45	21
29	32
38	26
12	44
44	20
36	48
20	51
12	44
12	60
23	60
30	55
41	46
30	43
43	41
0	44
6	51
35	38
45	10
10	1
44	63
12	14
12	48
7	45
25	46
16	12
32	25
13	9
27	44
11	12
16	11
36	54
35	44
21	48
14	51
8	41
12	37
47	19
18	15
42	27
2	22
41	49
29	32
35	37
39	53
21	41
15	44
24	21
22	10
31	25
31	12
17	42
0	60
19	28
30	26
36	32
21	25
37	24
36	17
4	61
10	56
38	42
40	51
37	51
41	23
27	40
32	46
18	43
28	13
34	3
47	58
44	46
28	38
16	58
19	49
35	20
6	10
25	19
29	20
41	32
8	47
44	11
44	12
45	52
41	14
31	34
4	35
26	36
36	55
22	32
41	32
22	28
13	48
30	23
38	56
23	60
43	56
19	3
18	15
24	58
25	46
9	48
16	45
12	37
3	6
21	12
28	7
33	61
29	61
33	32
12	60
23	17
1	5
19	16
21	5
24	8
30	24
47	36
35	46
18	29
26	39
31	39
12	29
7	33
2	34
20	26
40	34
42	48
46	50
0	28
0	31
42	45
46	29
24	9
29	2
31	26
27	22
8	15
17	28
41	14
38	4
39	43
39	43
40	28
7	39
42	54
30	43
35	51
28	29
36	17
30	39
39	50
40	2
47	16
38	22
44	15
39	27
20	50
16	53
8	19
8	18
24	56
25	50
8	23
46	59
8	49
21	31
33	18
33	27
45	4
39	32
27	25
29	28
39	48
34	30
35	45
45	48
16	39
40	60
13	22
19	23
17	31
37	63
4	6
7	11
3	31
8	57
0	8
47	46
7	13
12	9
24	23
15	59
8	25
18	11
19	9
39	43
42	44
29	11
25	26
24	58
36	20
36	38
25	26
46	23
46	45
42	61
39	50
9	18
1	15
4	9
30	35
18	33
24	37
8	24
37	20
42	16
17	58
16	54
3	20
32	19
19	8
45	30
19	48
18	47
43	28
37	20
30	48
46	59
45	23
44	26
17	62
16	61
24	20
12	30
11	10
19	37
5	9
6	8
36	16
30	33
34	41
41	22
2	1
3	1
17	13
13	2
38	19
2	8
33	50
28	25
46	44
14	33
25	22
38	33
2	48
14	53
15	56
25	50
0	39
10	29
17	37
31	19
27	18
0	52
12	49
32	1
31	6
15	6
25	58
18	62
14	45
37	38
0	44
27	60
10	50
19	56
35	39
39	16
11	55
43	58
44	36
15	11
9	32
10	30
37	60
8	62
27	32
28	33
3	2
5	2
6	33
6	43
21	26
39	34
43	31
12	60
4	45
9	54
4	28
38	41
24	16
28	8
38	24
26	29
19	23
28	10
19	5
37	41
4	17
1	31
27	42
10	34
13	22
7	13
25	13
33	30
8	33
8	23
12	62
0	51
28	49
33	55
45	34
27	53
10	13
10	26
15	27
46	40
9	10
20	43
30	24
23	25
8	19
20	16
31	41
47	63
23	55
22	54
46	27
40	10
41	52
44	51
15	51
18	46
31	14
27	61
41	5
26	17
29	12
1	43
10	40
26	14
36	50
29	25
43	38
24	21
19	50
41	36
42	27
43	44
29	54
9	26
19	39
28	39
40	61
43	57
33	3
44	42
25	49
29	41
17	22
37	52
4	10
27	50
44	42
44	43
32	0
20	4
26	45
15	43
29	49
31	19
47	59
2	48
7	15
42	4
27	21
31	59
7	43
16	8
10	30
9	25
13	0
18	3
31	33
42	34
27	36
43	60
11	23
16	37
13	11
14	23
9	62
3	58
9	10
13	15
16	15
12	22
38	13
22	38
38	25
33	21
12	45
1	35
42	1
43	2
8	44
8	8
41	62
39	59
36	44
47	44
12	50
17	26
23	37
44	50
32	33
8	10
40	17
35	12
47	56
11	57
38	48
43	42
30	0
14	37
31	5
40	5
4	32
24	35
30	28
33	48
29	49
2	60
41	4
40	11
9	28
7	40
33	51
31	52
11	21
5	58
24	11
22	18
35	57
42	56
15	24
11	36
42	49
21	56
26	12
31	15
38	17
33	10
17	47
29	44
34	11
4	51
6	30
23	46
38	60
1	15
21	10
15	14
14	35
9	37
39	54
44	25
31	17
26	21
33	43
47	38
40	60
40	60
10	16
6	22
31	18
4	18
31	4
36	5
27	50
43	56
1	2
7	17
22	9
31	20
23	22
5	38
30	45
9	51
17	2
31	25
41	4
45	6
14	37
13	43
34	49
41	49
6	36
6	27
8	28
35	18
47	7
29	8
3	12
17	38
24	4
45	51
34	24
34	24
2	8
1	36
6	57
39	26
42	32
20	11
37	40
27	60
22	30
21	25
47	29
19	51
28	28
18	12
3	62
10	41
45	54
46	44
16	55
43	6
14	17
23	26
32	19
34	26
9	18
32	7
4	16
33	24
42	39
45	53
35	41
28	57
36	25
39	24
12	62
24	32
34	18
45	21
19	57
27	51
6	43
17	32
39	48
43	52
27	25
40	30
18	58
3	44
12	43
11	52
24	63
30	46
28	26
27	31
23	24
40	19
30	19
42	35
38	1
23	47
32	31
13	7
8	6
9	2
1	45
24	36
25	19
19	30
36	17
45	4
6	39
8	44
15	29
32	9
35	35
10	46
19	13
35	7
36	44
26	27
37	20
36	19
11	32
4	22
27	31
38	34
6	55
9	59
24	10
40	21
3	15
19	48
8	62
33	55
37	11
30	18
23	17
25	27
27	14
26	2
47	50
43	46
12	4
42	21
41	4
33	21
41	9
39	44
22	41
44	50
16	23
20	4
45	63
23	54
6	13
7	23
24	61
37	44
25	56
26	44
12	56
16	35
5	22
20	37
17	27
33	37
34	19
28	26
7	20
23	3
34	12
40	20
22	16
22	21
43	57
38	62
29	58
27	29
11	57
28	55
26	27
21	29
46	22
39	19
26	23
16	52
29	26
17	39
30	30
8	3
24	18
7	2
35	27
47	41
28	54
29	53
30	42
34	40
16	26
18	29
7	52
9	45
24	28
32	21
10	29
10	44
11	7
8	40
29	44
7	17
5	41
0	47
10	15
9	45
28	2
28	8
19	3
5	26
16	19
22	17
41	16
27	35
22	30
27	29
5	6
8	1
3	39
10	30
40	46
26	30
37	41
1	7
23	25
45	48
33	25
13	18
46	58
15	26
1	22
2	21
41	29
21	49
45	62
34	51
35	0
35	0
37	21
2	60
41	47
36	61
14	37
0	7
19	45
29	0
3	58
23	30
36	13
7	20
10	7
11	21
28	31
1	18
42	5
43	5
26	31
22	52
9	33
43	28
30	14
44	52
18	8
5	10
16	38
34	33
39	53
42	52
21	40
16	48
6	29
30	38
30	52
13	37
41	45
34	47
1	55
11	58
16	59
18	47
18	24
6	23
14	11
22	12
15	29
19	14
0	22
1	22
9	28
1	42
0	2
18	35
23	52
23	44
25	20
8	53
45	13
40	47
28	47
4	34
1	3
33	9
47	52
45	57
41	43
42	43
41	9
32	23
36	34
28	23
44	34
30	33
43	55
20	45
21	35
25	27
38	48
44	44
42	58
29	38
40	46
11	28
24	45
7	25
11	39
13	32
35	48
21	42
39	56
3	56
46	61
19	26
44	35
34	27
14	33
9	23
42	61
37	45
24	62
18	59
15	1
46	24
9	35
6	17
39	53
26	59
33	7
44	21
8	31
31	15
17	52
30	3
28	12
37	14
18	13
14	9
13	28
29	11
14	36
15	34
23	57
15	37
47	3
45	3
5	40
6	51
12	5
10	46
7	42
41	19
31	12
28	25
18	43
28	47
29	27
41	12
35	43
10	61
14	59
39	63
28	8
24	9
34	59
34	60
44	19
36	15
20	31
2	5
40	8
40	20
18	57
18	53
13	20
19	39
8	31
6	24
39	33
15	53
6	6
16	2
19	19
44	32
7	4
32	3
20	17
31	56
45	19
12	36
27	45
33	47
45	40
23	43
21	3
30	57
23	23
23	22
37	45
45	61
22	41
18	10
32	61
31	57
18	16
31	12
24	34
32	34
35	27
29	33
5	51
4	27
11	15
28	19
13	48
47	0
12	21
16	46
31	14
17	23
5	27
16	2
35	8
30	9
7	12
9	12
21	9
16	1
35	14
30	56
8	6
8	18
17	29
9	47
29	15
39	14
35	42
19	33
20	53
13	48
38	21
41	33
22	0
31	46
31	27
0	55
40	26
29	29
30	24
10	53
32	37
33	53
6	15
6	48
34	31
43	41
28	30
23	33
17	37
2	42
21	20
13	43
18	58
19	57
8	51
33	32
19	34
18	33
46	5
36	17
32	39
4	31
4	40
14	47
18	0
36	4
46	29
34	35
17	6
40	0
5	27
5	34
2	1
4	29
16	63
46	9
32	38
37	2
17	36
6	53
21	5
28	40
5	40
13	36
21	58
24	44
17	16
22	10
24	15
27	8
31	53
10	47
30	1
5	23
32	2
30	22
6	48
6	48
34	17
9	7
23	1
30	17
24	35
29	12
36	30
30	24
17	32
17	32
12	6
11	4
6	21
4	23
35	45
21	14
38	37
23	21
10	4
47	8
8	31
0	52
0	50
15	10
35	5
14	8
34	61
34	56
29	23
44	59
38	38
41	10
44	44
45	57
21	0
39	44
15	35
16	32
21	44
24	62
37	55
18	16
47	31
17	57
6	48
26	63
4	32
10	14
22	43
7	3
33	6
21	56
4	9
1	9
24	35
21	22
3	36
31	25
38	22
1	38
25	55
28	60
19	44
28	31
13	60
5	54
32	58
32	58
38	39
35	33
20	36
7	16
26	22
21	44
7	13
6	13
39	43
38	42
44	17
34	32
15	2
19	26
36	51
4	28
20	39
19	37
13	11
13	17
26	37
29	41
26	56
3	48
31	46
33	55
1	14
13	15
46	1
33	4
45	19
14	54
23	63
18	60
23	25
20	18
35	16
43	14
0	11
4	1
9	48
14	25
1	52
2	9
33	24
27	10
26	48
26	49
1	49
2	50
33	24
16	20
42	58
42	57
35	51
42	60
46	61
6	32
22	12
43	23
43	45
4	24
42	39
44	48
3	59
24	61
8	11
2	7
8	33
10	45
34	13
38	22
43	20
37	22
14	46
19	19
15	62
34	24
18	39
11	43
6	53
34	7
6	31
14	36
46	35
17	5
21	12
10	30
11	25
16	53
34	23
35	22
18	43
20	40
40	47
26	56
34	33
3	31
4	19
33	16
7	24
14	59
28	25
6	9
41	41
47	30
6	11
7	26
22	30
22	33
27	31
15	38
33	29
47	31
34	12
34	11
5	19
5	61
43	20
35	15
10	6
45	41
41	43
36	30
17	43
4	9
33	25
12	39
16	47
25	58
5	33
40	30
14	55
15	59
3	38
6	38
38	52
44	51
17	58
17	58
30	39
30	23
31	51
10	6
40	22
36	33
37	13
46	10
9	47
1	54
16	38
34	26
10	39
42	30
0	59
1	52
19	19
13	28
10	14
12	29
6	19
6	26
46	47
41	11
14	18
14	24
0	6
3	5
22	35
33	44
28	42
42	40
27	48
3	19
27	16
37	6
22	24
19	38
13	56
18	56
35	13
32	15
14	42
14	42
11	36
8	34
20	60
17	20
35	44
41	48
24	11
17	2
34	40
17	36
12	61
42	52
14	57
17	56
29	26
46	27
22	38
3	25
12	14
38	40
28	30
11	26
6	59
35	47
9	55
32	38
21	30
35	21
17	57
1	52
44	10
7	2
19	22
11	26
19	3
20	10
30	50
9	51
9	31
37	19
34	6
25	0
10	58
31	57
25	52
13	38
21	7
23	29
27	28
8	22
0	39
23	0
8	9
23	20
18	32
1	8
44	51
40	36
11	36
23	54
40	49
11	3
36	23
41	51
28	37
28	36
3	48
40	25
18	49
21	45
26	1
35	25
0	28
34	7
11	20
36	9
25	4
22	13
11	3
2	14
4	61
17	51
30	45
28	54
18	52
32	48
9	18
36	26
31	36
39	21
37	62
27	58
25	21
14	26
31	5
23	8
27	10
46	5
2	44
3	39
18	53
15	50
37	41
24	56
16	55
46	63
10	55
14	0
43	40
22	25
7	47
28	8
27	46
14	25
25	4
31	2
31	3
39	1
13	21
27	5
20	28
10	29
18	1
19	16
9	14
25	7
28	24
1	41
47	14
47	13
43	1
3	30
17	63
46	62
47	22
23	39
26	27
35	18
38	49
29	40
11	57
4	58
7	37
10	32
13	20
20	34
36	63
42	62
17	60
3	42
33	6
16	29
27	34
33	61
0	48
46	63
36	55
1	41
38	43
41	59
18	16
16	21
0	48
9	55
45	30
25	11
24	19
18	58
20	46
1	7
34	47
29	30
26	7
15	53
26	8
37	61
24	46
13	40
14	58
35	46
26	46
18	50
21	40
11	58
3	8
36	53
5	46
45	55
5	50
12	56
20	21
29	51
29	29
36	32
14	37
35	63
2	4
18	43
30	51
35	54
43	0
36	6
43	46
38	42
19	26
39	27
4	32
7	17
26	31
30	40
12	61
18	54
12	6
46	49
15	40
31	19
43	60
30	49
4	55
12	61
42	37
17	40
23	44
44	43
45	46
26	53
45	31
15	9
30	40
7	36
9	62
47	14
24	48
24	48
12	4
28	16
20	28
28	50
17	63
10	53
13	60
3	31
10	30
8	30
3	16
5	44
3	16
10	0
45	53
29	9
36	12
46	45
24	26
33	50
26	28
46	18
24	42
29	18
41	43
46	34
41	20
44	23
22	48
2	35
2	18
18	25
20	62
32	22
14	20
18	28
12	5
3	7
16	59
25	17
27	21
31	21
5	18
22	17
25	40
22	50
8	4
20	14
37	26
35	40
11	18
34	35
33	26
26	26
24	54
30	37
36	33
44	30
22	45
28	41
20	30
19	39
26	38
2	48
28	25
22	24
46	7
43	3
13	33
4	37
11	49
18	59
18	53
17	53
34	5
28	27
45	44
35	26
6	5
17	57
5	26
9	26
2	30
39	15
12	25
1	25
26	7
19	14
7	36
19	35
21	33
25	42
38	53
39	51
32	10
7	35
29	14
9	20
9	39
16	33
42	34
2	39
36	59
25	36
11	45
29	55
40	10
38	41
47	30
39	8
44	55
17	39
40	41
25	37
11	7
20	14
22	24
13	12
40	48
38	47
20	39
18	20
14	8
20	3
34	49
45	27
43	40
23	34
28	19
15	20
40	52
29	39
2	13
45	41
15	54
6	31
19	54
36	47
20	28
34	7
11	38
33	28
16	1
21	4
6	11
3	11
16	16
36	3
20	31
27	25
10	18
30	20
6	39
15	43
23	23
27	20
25	30
24	41
16	14
16	12
43	3
43	40
1	14
5	29
9	36
23	33
24	43
40	44
30	35
28	30
21	44
46	47
24	18
24	19
1	17
15	18
35	27
36	23
25	42
45	50
18	19
39	0
18	37
30	38
0	39
8	63
35	32
35	1
6	5
23	7
35	37
28	5
25	24
46	12
33	31
34	43
29	17
34	28
15	18
12	7
37	2
37	15
18	57
19	57
6	28
38	2
17	21
35	13
35	24
21	5
41	53
8	3
18	10
18	10
15	53
28	28
11	22
7	35
35	0
20	46
45	15
35	22
16	51
14	52
1	61
31	50
14	27
14	26
11	30
6	18
39	63
41	62
35	5
20	6
45	60
31	43
13	21
15	26
4	25
28	10
40	43
26	7
18	14
21	4
33	50
37	31
42	54
45	54
15	28
13	33
21	18
25	30
0	25
0	24
35	57
32	50
11	28
9	27
10	58
12	59
10	15
13	38
28	16
46	33
19	39
23	21
45	40
37	56
17	1
20	18
19	35
27	29
22	49
5	27
33	51
28	56
22	34
4	15
35	41
29	43
27	1
33	35
18	16
22	16
16	6
16	4
11	54
37	23
36	13
31	5
39	23
34	19
5	54
17	53
35	33
40	41
38	26
46	27
43	0
2	19
18	35
16	61
17	26
28	17
7	10
42	14
19	1
0	8
18	53
31	38
17	1
10	6
1	11
8	7
38	16
21	32
23	56
38	17
24	44
18	32
3	37
44	39
45	61
33	41
12	16
25	40
31	19
21	38
6	60
20	45
7	42
14	34
40	26
25	29
15	36
15	36
30	32
30	37
45	33
43	9
23	31
25	35
17	57
27	20
15	62
0	48
32	13
34	23
4	29
12	49
5	32
12	38
42	17
0	1
17	31
17	36
32	48
40	58
1	40
11	58
29	5
30	9
34	45
34	54
37	37
19	31
41	5
39	10
4	30
4	28
8	44
8	37
4	8
47	5
39	47
44	42
16	60
36	62
45	52
43	27
45	3
46	14
17	43
1	54
33	13
25	7
35	35
30	39
31	28
22	24
31	15
45	52
2	19
2	14
38	14
47	32
42	45
41	44
23	26
22	24
7	30
4	29
3	46
15	20
30	31
31	35
40	4
38	6
2	17
5	17
7	12
16	27
11	17
22	31
16	25
12	30
15	22
31	41
39	49
39	51
34	34
6	49
33	20
40	18
17	4
12	15
19	19
13	14
5	61
40	8
46	30
7	41
15	54
29	52
24	16
17	48
15	14
43	51
30	12
46	37
44	49
22	27
44	39
14	44
9	62
45	37
7	35
26	22
13	25
4	56
10	44
0	57
8	38
46	33
33	62
21	51
41	54
27	21
24	39
7	28
43	49
42	49
39	19
6	38
16	13
10	4
45	12
44	12
22	49
40	30
8	50
10	51
3	22
21	58
30	18
39	7
10	34
15	51
13	61
1	36
42	26
26	38
38	38
46	17
25	35
19	52
30	26
23	3
13	40
9	55
45	53
45	56
46	33
47	32
36	21
6	26
33	11
34	34
23	6
41	42
21	32
8	56
45	10
45	10
38	47
36	46
26	4
19	25
28	26
46	14
34	34
40	29
22	26
20	6
31	15
32	17
19	4
41	17
23	9
23	17
26	24
35	0
19	8
30	4
33	8
45	0
26	58
33	19
25	11
6	44
17	46
6	60
10	27
4	18
26	52
30	51
8	39
10	33
46	30
29	32
4	37
12	25
39	56
3	28
42	36
39	20
10	38
7	58
25	36
40	2
7	24
10	4
8	42
26	38
5	23
38	54
27	46
19	49
24	61
45	48
24	42
37	33
31	40
20	34
27	29
8	32
28	8
19	3
37	41
35	38
41	44
28	16
8	19
1	37
40	14
38	6
36	28
43	50
31	35
19	45
9	46
9	47
13	59
16	46
38	35
31	14
33	10
33	57
29	0
17	40
41	25
30	7
34	39
4	42
13	43
7	46
45	45
46	45
12	30
0	2
15	52
23	11
0	48
1	2
6	60
6	38
18	56
13	43
33	50
34	51
31	47
20	56
35	26
26	49
45	26
19	22
6	41
10	42
15	14
17	22
39	22
45	17
28	31
26	21
30	29
28	26
43	1
16	22
26	14
39	42
2	41
8	43
0	31
5	18
19	23
19	21
20	42
1	30
38	49
33	52
40	23
28	39
25	5
22	3
5	33
31	27
7	8
6	7
33	40
26	51
25	12
47	45
37	50
10	28
10	30
24	18
23	25
36	41
32	13
7	33
32	22
29	15
32	21
28	51
20	31
23	49
41	15
34	34
36	4
22	4
38	26
43	45
35	37
24	36
1	59
40	40
23	6
27	13
18	30
23	45
38	57
27	54
21	35
20	12
35	15
13	35
45	18
33	6
41	4
41	8
14	56
29	35
24	8
45	58
3	20
18	57
24	62
31	52
43	10
28	22
11	58
11	48
12	14
5	50
15	32
21	36
40	3
13	57
9	15
9	7
46	37
37	53
27	62
37	51
6	33
7	47
14	34
8	53
7	7
26	58
8	47
43	60
42	40
7	58
22	13
30	27
17	47
6	55
12	39
4	31
28	39
30	40
47	32
45	36
42	49
24	38
16	27
18	19
13	56
27	63
33	1
46	18
32	16
41	21
9	53
22	15
16	0
20	29
2	20
14	31
2	52
20	62
25	53
21	59
3	54
38	9
35	30
25	29
24	47
13	13
36	8
47	9
7	25
0	27
14	51
16	60
18	21
19	31
41	57
37	54
31	40
16	36
9	9
24	22
14	49
23	43
20	61
30	44
27	63
24	61
20	9
38	49
35	15
30	6
46	0
42	55
28	36
26	35
21	42
36	31
3	18
4	12
35	5
30	27
13	9
7	32
41	11
18	31
31	2
40	2
10	41
4	40
37	26
22	13
46	29
22	23
3	39
40	62
36	50
36	62
1	15
39	50
11	53
11	34
26	31
30	34
23	58
14	57
17	25
18	22
29	38
16	53
12	49
0	52
38	54
47	7
16	33
8	35
13	53
0	53
22	53
0	48
12	6
10	7
33	53
25	47
11	44
7	46
1	18
46	50
45	37
34	42
2	35
46	49
25	1
7	14
35	3
38	35
2	40
20	11
17	43
18	39
24	35
30	12
26	14
6	41
36	20
22	29
5	15
38	33
19	27
11	26
15	11
15	11
29	28
27	32
24	40
27	52
44	52
36	43
27	3
10	43
7	53
26	33
16	12
5	22
14	27
41	56
23	58
28	52
22	20
35	16
20	44
42	55
13	50
21	47
0	39
1	35
14	23
5	29
22	59
11	60
0	58
8	43
23	57
23	57
5	35
13	36
40	19
31	8
20	7
33	61
4	53
41	29
27	35
46	26
24	18
16	12
13	5
24	15
35	27
46	51
15	46
26	41
32	33
31	28
14	8
24	22
21	27
12	19
42	34
39	38
30	20
36	0
32	16
18	59
31	10
24	46
3	14
15	24
18	50
22	6
30	54
32	9
43	37
11	63
40	34
7	12
19	55
17	48
21	11
30	34
1	41
10	63
32	6
42	31
20	35
7	53
3	36
7	10
9	7
8	15
26	27
16	62
35	13
19	23
28	22
33	22
25	7
34	49
38	27
33	50
4	22
9	7
27	5
37	4
28	57
20	44
16	60
41	24
41	21
25	11
18	29
32	20
38	56
38	21
6	17
16	23
38	55
30	30
1	29
20	36
37	40
41	37
43	59
26	22
13	10
7	43
6	20
25	27
30	11
0	44
17	15
38	52
40	50
3	44
40	22
33	14
41	29
32	41
42	2
3	43
14	43
14	44
0	16
6	28
1	39
1	38
3	43
8	57
39	10
32	38
42	10
42	10
21	46
11	24
13	31
15	1
33	15
34	26
22	58
35	21
19	32
35	45
23	61
33	35
21	53
21	50
4	5
46	39
42	57
44	56
40	16
43	60
41	30
38	34
21	12
19	7
23	27
25	7
46	54
0	9
46	5
45	3
19	31
24	18
30	7
29	10
22	53
44	25
18	9
16	23
16	0
29	39
22	14
44	60
44	13
2	1
40	31
47	51
44	26
36	0
31	42
28	54
18	37
17	38
39	36
4	27
44	32
0	22
35	51
39	55
19	23
26	5
10	20
7	26
16	50
5	54
6	16
1	15
31	11
18	17
10	30
8	44
20	56
8	17
17	38
16	38
26	31
28	33
41	23
40	23
33	53
32	60
28	23
36	46
33	14
32	13
10	1
10	1
25	54
15	24
11	28
20	21
4	48
30	18
12	27
30	47
20	8
29	10
27	14
8	33
8	31
6	33
33	46
37	15
5	47
1	62
21	12
24	12
43	23
47	41
10	12
8	15
2	1
14	24
38	8
36	6
37	37
22	45
37	28
24	23
25	62
4	62
28	51
38	61
18	24
37	54
13	43
14	34
22	57
23	13
18	38
4	7
38	30
16	42
27	31
5	25
15	28
27	20
3	49
25	48
40	38
30	20
5	31
20	1
9	61
10	60
18	23
37	57
34	8
27	25
27	17
31	8
36	5
36	1
5	50
8	35
38	39
38	42
12	22
36	57
39	21
42	22
2	58
42	30
19	27
7	15
13	19
13	19
23	42
21	37
24	38
7	55
34	34
34	46
34	41
37	43
28	3
14	53
41	34
17	20
36	32
44	34
14	35
5	42
25	5
12	21
11	15
15	61
20	44
16	15
36	11
33	12
45	62
19	54
10	57
22	33
17	12
18	14
4	22
26	6
38	3
6	48
42	50
45	54
33	7
26	30
46	50
28	59
32	50
18	23
40	1
29	37
37	15
43	10
40	35
23	53
34	34
17	23
27	24
36	31
17	7
7	20
20	44
41	11
14	44
36	13
46	33
43	44
27	4
23	10
5	23
15	20
22	25
16	19
32	4
36	2
39	40
39	39
29	16
7	50
45	8
36	5
2	11
1	12
1	37
1	42
14	0
4	15
6	60
21	32
22	27
36	18
3	0
7	1
43	10
41	18
22	38
11	23
42	54
27	10
43	54
34	57
14	22
11	28
38	19
36	4
4	62
13	58
20	0
6	16
36	28
36	38
34	51
37	23
20	27
44	6
25	17
24	24
30	43
23	41
40	7
18	63
7	28
2	25
1	38
1	38
21	27
15	21
27	25
18	50
15	0
31	1
46	20
36	42
28	17
6	5
38	7
4	20
24	1
19	11
45	22
42	14
5	21
14	13
16	24
34	35
11	48
13	25
27	29
32	44
26	58
30	59
10	34
0	57
19	6
11	12
41	43
31	63
32	36
17	55
2	25
3	25
23	24
36	13
6	48
25	36
28	38
4	15
41	8
34	36
45	62
44	41
47	17
31	59
21	27
40	44
15	25
39	3
44	38
43	35
28	49
28	41
46	37
14	14
34	15
15	27
36	5
46	3
41	35
16	54
19	48
46	24
40	49
33	44
13	10
19	15
8	53
4	34
22	14
26	22
16	38
46	29
12	60
28	53
45	45
1	54
13	28
14	57
45	35
42	2
31	16
26	38
30	57
32	49
30	39
26	36
12	22
34	56
16	17
7	63
34	17
14	14
44	13
32	5
41	29
42	30
21	14
37	35
10	43
15	47
13	27
24	48
30	36
41	9
11	6
8	8
23	7
28	17
34	52
19	50
0	29
18	53
2	26
46	10
17	31
20	30
43	12
29	51
34	48
21	31
0	33
12	24
43	61
42	61
6	36
5	36
7	32
33	33
35	43
37	40
7	7
26	38
6	20
4	45
20	50
46	6
33	27
31	12
0	27
32	63
18	55
45	20
33	56
32	55
15	22
15	29
38	50
25	39
38	0
38	39
13	13
34	37
12	49
20	55
46	31
36	55
2	2
37	55
20	34
19	17
1	49
1	55
11	39
3	55
16	53
26	42
45	25
39	21
10	47
10	52
3	55
15	41
15	5
18	12
31	45
21	55
17	13
8	47
36	32
41	34
12	59
12	60
34	25
34	25
21	26
22	24
32	20
7	21
14	34
11	32
11	29
4	19
17	59
30	47
36	56
31	31
40	39
36	38
33	55
18	49
26	8
47	34
9	40
23	37
12	11
11	14
45	28
4	39
30	30
27	40
10	5
0	0
19	28
22	62
44	50
20	1
41	58
16	55
13	49
13	49
45	16
14	42
7	35
6	43
16	3
9	62
17	1
4	58
33	61
41	52
45	43
8	45
15	45
15	42
29	20
13	21
46	30
6	36
2	32
0	32
13	35
1	44
15	14
5	27
8	60
10	21
37	18
36	23
39	38
34	15
24	29
44	40
27	2
4	59
37	19
35	22
21	35
4	49
8	12
2	3
15	30
25	31
5	14
4	27
18	14
19	13
14	0
19	4
7	31
24	20
13	37
8	43
16	28
7	24
18	25
16	27
17	42
42	62
21	7
10	4
5	34
23	42
13	54
10	18
17	42
39	26
11	59
30	37
38	51
40	52
31	29
24	43
29	19
25	57
0	54
14	9
31	33
36	49
12	23
12	14
31	45
13	31
